14 64
14 63
14 62
14 62
14 62
14 62
14 62
14 62
14 62
14 62
14 61
14 60
14 59
14 59
14 58
14 58
14 57
14 57
14 57
14 57
14 57
14 56
14 56
14 56
14 56
14 56
14 56
14 55
14 55
14 55
14 55
14 55
14 55
14 55
14 55
14 55
14 55
14 55
14 54
14 53
14 52
14 51
14 50
14 49
14 49
14 49
14 48
14 48
14 48
14 48
14 48
14 47
14 47
14 47
14 47
14 47
14 47
14 47
14 47
14 46
14 46
14 45
14 44
14 44
14 44
14 44
14 43
14 43
14 43
14 43
14 43
14 42
14 41
14 40
14 40
14 40
14 40
14 40
14 40
14 40
14 40
14 40
14 40
14 39
14 38
14 39
14 38
14 37
14 39
14 38
14 38
14 39
14 41
14 44
14 44
14 46
14 48
14 48
14 48
14 47
14 48
14 48
14 48
14 49
14 53
14 52
14 52
14 55
14 55
14 55
14 57
14 59
14 62
14 63
14 63
14 65
14 65
14 65
14 66
14 65
14 65
14 67
14 68
14 68
14 68
14 68
14 68
14 71
14 71
14 71
14 71
14 73
14 73
14 73
14 72
14 71
14 72
14 71
14 70
14 70
14 70
14 70
14 70
14 70
14 70
14 70
14 71
14 71
14 71
14 73
14 74
14 74
14 73
14 73
14 73
14 72
14 72
14 71
14 71
14 71
14 73
14 72
14 72
14 71
14 71
14 69
14 68
14 68
14 66
14 64
14 62
14 62
14 60
14 59
14 57
14 56
14 54
14 53
14 50
14 49
14 48
14 47
14 47
14 47
14 51
14 51
14 51
14 51
14 53
14 55
14 54
14 57
14 56
14 55
14 61
14 60
14 60
14 60
14 63
14 62
14 61
14 65
14 65
14 65
14 65
14 65
14 64
14 67
14 68
14 71
14 70
14 71
14 71
14 76
14 79
14 81
14 88
14 88
14 90
14 90
14 91
14 93
14 92
14 91
14 90
14 89
14 89
14 90
14 94
14 95
14 94
14 92
14 90
14 90
14 94
14 94
14 94
14 94
14 94
14 94
14 93
14 93
14 94
14 94
14 94
14 94
14 94
14 96
14 95
14 95
10 94
10 94
10 93
10 93
10 92
10 92
10 93
10 95
10 93
10 92
9 91
9 90
9 89
9 90
9 90
9 93
9 91
9 89
9 88
9 88
9 88
9 89
9 90
9 89
9 87
9 87
9 85
9 84
9 82
9 82
9 79
9 78
9 77
9 76
9 78
9 76
9 80
9 79
9 79
9 79
9 82
9 82
9 86
9 86
9 89
9 86
9 86
9 85
9 89
9 88
9 90
9 93
9 93
9 92
9 90
9 91
9 89
9 95
9 96
9 95
9 98
9 100
9 100
9 100
9 101
9 103
9 103
9 102
9 102
9 102
8 103
8 105
8 106
8 108
8 110
8 109
8 109
8 108
8 108
8 108
8 112
8 112
8 112
8 116
8 114
8 114
8 115
8 114
8 114
8 114
8 113
8 113
8 112
8 115
8 114
8 116
8 118
8 116
8 122
8 123
8 123
8 122
8 123
8 123
8 125
8 125
8 125
8 125
8 127
8 128
8 126
8 126
8 128
8 128
8 127
8 133
8 132
8 132
8 131
8 130
8 129
8 129
8 128
8 130
8 127
8 125
8 122
8 121
8 119
8 120
6 121
6 122
6 120
6 115
6 116
6 116
6 116
6 122
6 119
6 118
6 123
6 125
6 125
6 123
6 121
6 123
6 125
6 126
6 126
6 126
6 126
6 132
6 132
6 132
6 131
6 130
6 134
6 134
6 137
6 139
6 139
6 139
6 139
6 142
6 142
6 143
6 143
6 145
6 145
6 144
6 146
6 145
6 145
6 142
6 143
6 142
6 145
6 146
6 145
6 144
6 142
6 138
6 139
6 141
6 140
6 141
6 140
6 139
6 138
6 140
6 140
6 146
6 145
6 146
6 145
6 144
6 143
6 145
6 145
6 145
6 148
6 148
6 149
6 148
6 147
6 147
6 146
6 146
6 146
6 148
6 147
6 147
6 148
6 148
6 147
6 145
6 143
6 147
6 146
6 144
5 143
5 142
5 144
5 144
5 142
5 140
5 139
5 140
5 144
5 142
5 138
5 140
5 139
5 139
5 140
5 140
5 143
5 146
5 147
5 153
5 153
5 158
5 158
5 157
5 155
5 155
5 155
5 158
5 162
5 161
3 162
3 164
3 170
3 170
3 170
3 172
3 171
3 172
3 171
3 171
3 172
3 173
3 173
3 173
3 175
3 177
3 176
3 177
3 179
3 178
3 180
3 180
3 179
3 180
3 179
3 179
3 186
3 186
3 188
3 189
3 191
3 191
3 191
3 193
3 193
3 193
3 193
3 195
3 195
3 192
3 190
3 193
3 193
3 194
3 197
3 197
3 197
3 196
3 196
3 195
3 194
3 193
3 194
3 197
3 197
3 198
3 196
3 199
3 199
3 196
3 195
3 195
3 194
3 196
3 196
3 193
3 193
3 191
3 188
3 188
3 189
3 188
3 188
3 186
3 190
3 193
3 190
3 189
3 189
3 189
3 194
3 195
3 194
3 195
3 195
3 196
3 195
3 195
3 195
3 195
3 195
3 195
3 198
3 200
3 200
3 204
3 202
3 205
3 205
3 204
3 207
3 215
3 216
3 214
3 212
3 213
3 212
3 217
3 216
3 215
3 215
3 218
3 220
3 226
3 229
3 232
3 234
3 233
3 232
3 232
3 230
3 234
3 233
3 229
3 229
3 232
3 232
3 234
3 232
3 232
3 230
3 230
3 231
3 231
3 231
3 231
3 232
3 232
3 228
3 230
3 228
3 226
3 224
3 223
3 222
3 220
3 221
3 221
3 221
3 219
3 219
3 218
3 218
3 218
3 217
3 216
3 215
3 214
3 214
3 215
3 214
3 212
3 213
3 207
3 211
3 212
3 215
3 214
3 216
3 216
3 216
3 219
3 221
3 221
3 223
3 220
3 218
3 217
3 215
3 215
3 216
3 214
3 217
3 222
3 223
3 222
3 220
3 218
3 216
3 218
3 218
3 220
3 219
3 218
3 216
3 215
3 215
3 216
3 223
3 223
3 223
3 225
3 231
3 232
3 232
3 235
3 235
3 235
3 238
3 237
3 237
3 237
3 235
3 235
3 237
3 239
3 240
3 241
3 243
3 244
3 243
3 244
3 243
3 244
3 248
3 248
3 248
3 249
3 248
3 247
3 248
3 249
3 248
3 250
3 249
3 248
3 249
3 248
3 247
3 249
3 251
3 252
3 257
3 257
3 254
3 254
3 252
3 252
3 251
3 249
3 245
3 243
3 242
3 245
3 245
3 243
3 246
3 248
3 248
3 248
3 246
3 247
3 246
3 247
3 247
3 247
3 249
3 249
3 247
3 249
3 248
3 245
3 242
3 239
3 236
3 235
3 234
3 234
3 232
3 235
3 232
3 230
3 230
3 232
3 240
3 245
3 245
3 243
3 248
3 248
3 249
3 247
3 250
3 254
3 258
3 261
3 260
3 260
3 259
3 259
3 257
3 258
3 255
3 254
3 257
3 260
3 261
3 262
3 265
3 267
3 266
3 265
3 268
3 271
3 271
3 271
3 266
3 263
3 263
3 262
3 260
3 262
3 261
3 260
3 264
3 264
3 261
3 262
3 262
3 260
3 262
3 263
3 264
3 265
3 269
3 267
3 270
3 269
3 269
3 270
3 269
3 269
3 268
3 273
3 275
3 274
3 280
3 280
3 280
3 280
3 282
3 283
3 283
3 286
3 287
3 286
3 285
3 287
3 287
3 284
3 279
3 278
3 278
3 275
3 277
3 276
3 275
3 271
3 271
3 267
3 263
3 266
3 268
3 268
3 263
3 263
3 261
3 259
3 259
3 258
3 262
3 262
3 259
3 260
3 265
3 275
3 274
3 276
3 274
3 275
3 277
3 281
3 283
3 285
3 284
3 283
3 284
3 284
3 283
3 279
3 278
3 280
3 288
3 288
3 288
3 288
3 288
3 285
3 282
3 282
3 282
3 281
3 281
3 282
3 285
3 288
3 285
3 285
3 288
3 288
3 287
3 292
3 298
3 297
3 296
3 297
3 301
3 304
3 304
3 306
3 307
3 306
3 308
3 309
3 309
3 311
3 309
3 309
3 310
3 309
3 307
3 306
3 305
3 304
3 306
3 307
3 312
3 311
3 312
3 310
3 310
3 308
3 305
3 303
3 301
3 298
3 292
3 287
3 283
3 286
3 284
3 281
3 279
3 275
3 280
3 280
3 282
3 282
3 284
3 284
3 286
3 288
3 286
3 293
3 297
3 296
3 299
3 299
3 300
3 301
3 305
3 303
3 304
3 306
3 307
3 308
3 309
3 309
3 309
3 307
3 306
3 309
3 316
3 316
3 321
3 326
3 327
3 326
3 327
3 328
3 325
3 326
3 319
3 318
3 318
3 319
3 317
3 319
3 317
3 320
3 325
3 324
3 324
3 324
3 323
3 323
3 320
3 321
3 321
3 324
3 330
3 329
3 328
3 325
3 323
3 325
3 323
3 326
3 326
3 324
3 324
3 326
3 328
3 329
3 330
3 331
3 330
3 326
3 329
3 328
3 330
3 328
3 327
3 325
3 322
3 320
3 317
3 315
3 315
3 316
3 316
3 320
3 322
3 332
3 333
3 337
3 343
3 345
3 345
3 346
3 348
3 344
3 343
3 343
3 341
3 341
3 340
3 341
3 343
3 340
3 346
3 344
3 342
3 342
3 344
3 339
3 339
3 346
3 345
3 349
3 349
3 349
3 349
3 350
3 350
3 350
3 350
3 351
3 347
3 347
3 348
3 348
3 345
3 348
3 344
3 342
3 339
3 336
3 336
3 335
3 336
3 332
3 331
3 332
3 332
3 333
3 334
3 340
3 339
3 336
3 339
3 337
3 334
3 336
3 337
3 337
3 338
3 344
3 342
3 341
3 343
3 347
3 350
3 349
3 353
3 355
3 355
3 356
3 355
3 355
3 354
3 353
3 354
3 358
3 359
3 358
3 358
3 355
3 352
3 352
3 355
3 354
3 357
3 356
3 350
3 353
3 355
3 355
3 351
3 348
3 348
3 347
3 349
3 346
3 347
3 351
3 351
3 352
3 350
3 346
3 348
3 347
3 345
3 344
3 341
3 338
3 336
3 334
3 334
3 337
3 337
3 338
3 338
3 342
3 346
3 342
3 338
3 335
3 334
3 337
3 344
3 346
3 351
3 353
3 350
3 353
3 354
3 354
3 354
3 356
3 359
3 360
3 359
3 359
3 364
3 366
3 364
3 366
3 366
3 367
3 372
3 373
3 373
3 375
3 376
3 374
3 372
3 371
3 372
3 372
3 374
3 374
3 373
3 374
3 374
3 372
3 372
3 372
3 374
3 374
3 372
3 370
3 377
3 376
3 377
3 379
3 380
3 382
3 379
3 378
3 374
3 374
3 377
3 375
3 375
3 376
3 375
3 377
3 378
3 378
3 376
3 374
3 378
3 377
3 378
3 377
3 376
3 376
3 373
3 376
3 378
3 378
3 376
3 375
3 372
3 373
3 369
3 372
3 376
3 377
3 378
3 373
3 375
3 376
3 376
3 378
3 381
3 382
3 382
3 386
3 386
3 385
3 388
3 387
3 385
3 388
3 388
3 392
3 392
3 389
3 391
3 393
3 395
3 391
3 391
3 396
3 395
3 398
3 401
3 400
3 398
3 398
3 401
3 403
3 404
3 404
3 400
3 405
3 404
3 400
3 400
3 396
3 395
3 391
3 395
3 393
3 391
3 390
3 391
3 395
3 394
3 396
3 397
3 399
3 400
3 400
3 397
3 398
3 395
3 395
3 397
3 398
3 398
3 397
3 398
3 396
3 399
3 404
3 405
3 404
3 403
3 404
3 405
3 406
3 404
3 404
3 400
3 397
3 396
3 403
3 401
3 401
3 398
3 399
3 399
3 399
3 404
3 408
3 411
3 411
3 413
3 414
3 413
3 410
3 407
3 403
3 405
3 404
3 408
3 410
3 411
3 409
3 407
3 408
3 408
3 409
3 407
3 409
3 404
3 401
3 398
3 401
3 400
3 395
3 394
3 395
3 397
3 397
3 397
3 398
3 397
3 400
3 398
3 401
3 404
3 403
3 404
3 403
3 403
3 404
3 404
3 404
3 404
3 406
3 405
3 410
3 408
3 408
3 406
3 408
3 411
3 414
3 417
3 422
3 422
3 423
3 426
3 427
3 426
3 427
3 428
3 430
3 430
3 430
3 429
3 429
3 427
3 427
3 425
3 428
3 435
3 431
3 431
3 428
3 425
3 423
3 420
3 419
3 421
3 423
3 421
3 420
3 421
3 424
3 427
3 427
3 427
3 427
3 425
3 427
3 424
3 426
3 427
3 428
3 428
3 424
3 426
3 425
3 423
3 421
3 419
3 417
3 419
3 421
3 420
3 421
3 418
3 418
4 417
4 421
4 417
4 413
4 409
4 410
4 406
4 402
4 406
4 407
4 407
4 408
4 409
4 408
4 410
4 417
4 417
4 415
4 414
4 413
4 411
4 423
4 424
4 424
4 427
4 433
4 434
4 438
4 439
4 435
4 433
4 432
4 434
4 433
4 433
4 436
4 437
4 435
4 436
4 438
4 444
4 444
4 440
4 440
4 438
4 438
4 437
4 438
5 438
5 435
5 435
5 439
5 435
5 433
5 428
5 427
5 426
5 420
5 417
5 417
5 418
5 417
5 421
5 421
5 423
5 423
5 419
5 423
5 423
5 423
5 422
5 424
5 425
5 425
5 424
5 424
5 425
5 428
5 427
5 427
5 427
5 428
5 427
5 423
5 423
5 424
5 426
5 425
5 428
5 428
5 433
5 434
5 440
5 442
5 442
6 443
6 439
6 443
6 444
6 443
6 439
6 438
6 431
6 429
6 436
6 441
6 445
6 442
6 445
6 443
6 440
6 442
6 443
6 442
6 442
6 441
6 442
6 441
6 439
6 439
6 437
6 433
6 433
6 434
6 430
6 430
6 427
6 429
6 429
6 432
6 428
6 428
6 429
6 434
6 440
6 439
6 446
6 446
6 448
6 449
6 453
6 454
6 454
6 457
6 462
6 460
6 460
6 458
6 460
6 462
6 466
6 466
6 465
6 463
6 462
6 463
6 462
6 458
6 458
6 455
6 454
6 457
6 458
6 457
6 462
6 457
6 458
6 461
6 466
6 467
6 467
6 465
6 466
6 465
6 467
6 469
6 470
6 472
6 474
6 474
6 474
6 469
6 464
6 466
6 471
6 470
6 466
6 467
6 471
6 467
6 468
6 469
6 465
6 463
6 465
6 465
6 465
6 465
6 463
6 470
6 470
6 469
6 470
6 468
6 465
6 464
6 469
6 472
6 467
6 468
6 466
6 464
6 463
6 462
6 462
6 461
6 464
6 464
6 466
6 466
6 467
6 477
6 480
6 483
6 481
6 482
6 488
6 490
6 499
6 496
6 501
6 502
6 505
6 504
6 503
6 503
6 496
6 491
6 493
6 487
6 483
6 488
6 486
6 483
6 485
6 485
6 483
6 486
6 488
6 488
6 484
6 486
6 486
6 492
6 491
6 493
6 499
6 499
6 497
6 500
6 503
6 501
6 498
6 497
6 493
6 497
6 506
6 510
6 514
6 518
6 525
6 525
6 527
6 531
6 528
6 528
6 530
6 525
6 528
6 524
6 525
6 527
6 529
6 530
6 525
6 527
6 524
6 526
6 525
6 524
6 524
6 526
6 523
6 522
6 516
6 520
6 520
6 519
5 516
5 514
5 520
5 521
5 525
5 528
5 527
5 524
5 524
5 524
5 524
5 527
5 525
5 529
5 528
5 527
5 528
5 526
5 522
5 525
5 527
5 531
5 531
5 533
5 534
5 538
5 537
5 539
6 542
6 539
6 539
6 540
6 531
6 532
6 531
6 526
6 523
6 521
6 524
6 529
6 532
6 532
6 538
6 535
6 538
6 534
6 537
5 535
5 538
5 537
5 536
5 534
5 531
5 530
5 525
5 529
5 532
5 534
5 530
5 528
5 527
5 526
5 524
5 522
5 517
5 517
5 515
5 517
5 511
5 511
5 524
5 525
5 523
5 523
5 521
5 521
5 516
5 523
5 523
5 531
5 530
5 525
5 526
5 524
5 525
5 525
6 528
6 534
6 534
6 531
6 531
6 532
6 536
6 534
6 543
6 538
6 535
6 533
6 532
6 528
6 524
6 521
6 525
6 530
6 531
6 531
6 538
6 539
6 540
6 548
6 545
6 541
6 542
6 547
6 542
6 541
6 539
6 540
6 537
6 533
6 537
6 535
6 530
6 531
6 537
6 538
6 538
6 540
6 539
6 538
6 539
6 538
6 537
6 542
6 539
6 541
6 540
6 536
6 537
6 538
6 534
6 535
6 535
6 535
6 532
6 533
6 529
6 529
6 528
6 527
6 526
6 524
6 525
7 524
7 523
7 521
7 516
7 519
7 520
7 519
7 518
7 524
7 526
7 524
7 517
7 521
7 523
7 528
7 530
7 530
7 527
7 528
7 531
7 534
7 537
7 536
7 533
7 533
7 533
7 537
7 533
7 534
7 530
7 529
7 531
7 531
7 536
7 538
7 540
7 541
7 540
7 540
7 541
7 544
7 545
7 541
7 543
7 543
7 544
7 540
7 541
7 560
7 562
7 569
7 572
7 581
7 579
7 575
7 578
7 576
7 576
7 573
7 571
7 571
7 574
7 573
7 575
7 578
7 579
7 573
7 570
7 566
7 567
7 573
7 578
7 576
7 575
7 580
7 579
7 574
7 573
7 575
7 581
7 583
7 586
7 595
7 594
7 600
7 603
7 599
7 597
7 594
8 590
8 588
8 581
8 579
8 580
8 576
8 573
8 570
8 566
8 565
8 564
9 560
9 562
9 558
9 561
9 557
9 555
9 551
9 551
9 551
9 553
9 556
9 558
9 555
9 557
9 559
9 564
9 565
9 571
9 571
9 571
9 568
9 565
9 564
9 572
9 576
9 573
9 570
9 566
9 569
9 567
9 562
9 561
9 568
9 568
9 568
9 568
9 571
9 575
9 579
9 578
9 575
9 576
9 587
9 586
9 589
9 587
9 586
9 583
9 586
9 587
9 583
9 592
9 589
9 585
9 582
9 581
9 579
9 582
9 577
9 576
9 574
9 579
9 575
9 572
9 571
9 566
9 568
9 568
9 578
9 581
9 580
9 582
9 582
9 587
9 591
9 593
9 591
9 592
9 590
9 596
9 594
9 586
9 584
8 586
8 591
8 590
8 588
8 586
8 588
8 593
8 597
8 596
8 595
8 595
8 601
8 601
8 602
8 601
8 599
8 609
8 603
8 603
8 604
8 596
8 588
8 585
8 584
8 590
8 593
8 594
8 601
8 612
8 611
8 615
8 614
8 617
8 613
8 606
8 611
8 606
8 606
8 606
8 610
8 610
8 607
8 609
8 604
8 598
8 591
8 601
8 604
8 599
8 596
8 591
8 590
8 587
8 588
8 594
8 591
8 596
8 593
8 591
8 586
8 584
8 586
8 584
8 589
8 584
8 576
8 576
7 578
7 580
7 582
7 578
7 580
7 578
7 590
7 592
8 593
8 601
8 607
8 604
8 607
8 605
8 605
8 605
8 608
8 609
8 609
8 606
8 603
8 603
8 608
8 606
8 607
8 601
8 598
8 600
8 599
8 606
8 605
8 610
8 612
9 612
9 623
9 623
9 625
9 631
9 629
10 626
10 621
10 618
10 614
10 609
10 617
10 619
10 625
10 627
11 630
11 628
11 623
11 622
11 629
11 631
11 629
11 626
11 624
11 625
11 625
11 628
11 633
11 638
11 629
11 633
11 633
11 632
11 625
11 624
11 621
11 621
11 618
11 616
11 619
11 616
12 614
12 612
12 615
12 616
12 615
12 617
12 621
12 620
12 622
12 615
12 618
12 615
12 611
12 611
12 615
12 618
12 613
12 619
12 623
12 623
12 632
12 625
12 621
12 614
12 617
12 619
12 627
12 632
12 631
12 632
12 634
12 636
12 635
12 634
12 640
12 636
12 633
12 630
12 624
12 623
12 624
12 627
12 630
12 631
12 632
12 631
12 635
12 636
12 635
12 637
12 638
12 637
12 635
12 637
12 647
12 647
12 647
12 642
12 644
12 648
12 647
12 655
12 666
12 672
12 676
12 677
12 678
12 681
12 684
12 686
12 697
13 693
13 684
13 686
13 681
13 678
14 677
14 675
14 673
14 666
14 666
14 662
14 665
14 671
14 669
14 673
14 681
14 681
14 679
14 672
14 672
14 674
14 679
14 678
14 684
14 677
14 675
14 675
14 674
14 671
14 669
14 670
14 674
14 670
14 664
14 662
14 661
14 662
14 666
14 668
14 670
14 671
14 672
14 672
14 675
14 670
14 672
14 671
14 671
14 666
14 658
14 665
14 667
14 665
14 666
14 665
14 670
14 668
14 667
14 676
14 681
14 682
14 674
14 671
14 670
14 670
14 665
14 666
14 662
14 662
14 663
14 663
14 667
14 666
14 676
14 674
14 673
14 672
14 672
14 677
14 686
14 685
14 683
14 692
14 688
14 691
14 689
14 691
14 698
14 703
14 702
14 704
14 702
14 706
15 708
15 711
15 706
15 702
15 707
15 709
15 714
15 705
15 711
15 715
15 711
15 705
15 698
15 701
15 693
15 690
15 691
15 693
15 695
15 693
15 706
15 712
15 711
15 710
15 704
15 706
15 705
15 708
15 701
15 703
15 704
15 709
15 709
15 713
15 712
15 711
16 708
16 716
16 727
16 722
16 722
16 716
16 715
16 713
16 715
15 713
15 718
15 716
15 713
15 708
15 706
15 699
15 706
15 702
15 695
15 694
15 691
15 689
15 687
15 687
15 687
15 692
15 692
15 692
15 692
15 689
15 698
15 697
15 706
15 707
15 705
15 705
15 702
15 703
15 707
15 699
15 700
15 703
15 705
15 705
15 702
15 700
15 701
15 699
15 699
16 708
15 712
15 711
15 709
15 712
15 717
15 716
15 711
15 716
15 714
15 717
15 718
15 715
15 721
15 718
15 724
15 725
15 725
15 728
16 726
16 724
16 725
16 735
16 731
16 733
16 729
16 724
16 721
16 714
16 709
16 719
16 720
16 720
16 724
16 724
16 718
16 720
16 712
16 707
16 702
16 704
16 707
16 709
16 714
17 711
17 707
17 712
17 717
17 715
17 712
17 710
17 712
17 710
17 707
17 712
17 719
18 725
18 723
18 719
18 719
18 723
18 722
18 725
18 716
18 719
18 713
18 715
18 714
18 708
18 705
18 714
18 705
18 702
18 702
18 702
18 698
18 704
17 703
17 703
17 704
17 706
17 707
17 705
17 712
17 708
17 707
17 708
17 709
17 701
17 704
17 707
17 704
17 701
17 702
17 717
17 716
17 716
17 714
17 723
17 723
17 724
17 721
17 714
17 715
17 716
17 722
17 721
17 722
17 719
17 717
17 717
17 712
17 706
17 711
17 718
17 720
17 712
17 715
17 707
17 701
17 695
17 690
17 691
17 688
17 690
18 694
18 700
18 708
18 713
18 718
18 717
18 718
18 715
18 705
18 709
18 701
18 703
18 702
18 707
18 708
18 713
18 715
18 718
18 714
18 705
18 701
18 698
18 700
18 694
18 693
18 691
18 685
18 685
18 684
18 687
18 688
18 683
18 686
18 682
18 682
19 679
19 676
20 681
20 674
20 669
20 678
20 675
20 674
20 663
20 669
20 677
20 681
20 680
20 674
20 670
20 671
20 670
20 671
20 670
20 671
20 675
20 677
20 667
20 671
20 674
20 681
20 681
20 676
20 677
20 679
20 674
21 676
21 668
21 666
21 671
21 669
21 668
21 670
21 667
21 667
21 674
21 674
21 672
21 670
21 675
21 681
21 694
21 697
21 696
21 697
21 694
21 697
21 694
21 692
21 697
21 693
21 689
21 691
21 689
21 687
21 689
21 689
21 682
21 682
21 679
21 681
22 675
22 673
22 675
22 668
22 676
22 670
22 675
22 673
22 673
22 672
22 675
22 674
22 674
22 679
22 682
22 676
22 670
22 664
22 661
22 662
22 664
22 655
22 655
22 654
22 654
22 650
22 656
22 650
22 652
22 654
22 650
22 654
22 659
22 667
22 665
22 665
22 658
22 648
22 657
22 655
22 654
22 657
22 656
22 661
22 664
22 663
22 661
22 665
22 662
22 664
22 661
22 655
22 657
22 657
22 658
22 654
22 649
22 644
23 643
23 642
23 641
24 635
24 629
24 622
24 615
24 608
24 618
24 613
24 618
24 624
24 632
24 630
24 628
24 636
24 637
24 631
24 632
24 635
24 634
24 636
24 643
24 650
24 655
25 658
25 661
25 670
25 674
25 676
25 673
25 671
25 674
25 670
25 668
25 673
25 679
25 671
25 670
25 669
25 663
26 662
26 652
26 646
26 650
26 650
26 638
26 639
26 632
26 635
27 634
27 640
27 634
27 636
27 631
27 629
27 633
27 644
27 645
27 645
27 649
27 646
28 651
28 661
28 663
28 654
28 647
28 643
29 636
29 634
29 633
29 637
29 638
29 637
29 642
29 642
29 633
29 629
29 634
30 632
30 627
30 621
30 617
31 614
31 613
31 608
31 604
31 592
31 587
31 591
31 589
32 581
32 577
32 579
32 581
32 578
32 581
32 584
32 581
32 581
32 573
32 569
32 567
32 559
32 552
32 551
32 545
32 540
32 545
32 546
32 545
32 541
32 540
32 543
32 545
32 552
32 549
32 556
32 557
32 555
32 554
32 552
32 547
32 546
32 555
32 560
32 556
32 553
32 560
32 562
32 563
32 564
32 569
32 569
32 563
32 554
32 551
32 550
32 559
32 557
32 558
32 564
32 560
32 563
32 557
32 555
32 554
32 558
32 556
32 561
32 562
32 564
32 566
32 563
32 556
32 567
32 583
32 576
32 569
32 567
32 567
32 571
32 575
32 576
32 577
32 582
32 583
32 579
32 579
32 578
32 578
32 574
32 569
32 566
32 563
32 567
32 573
32 571
32 563
33 564
33 558
33 561
33 562
33 557
33 571
33 572
33 564
33 564
33 561
33 556
33 554
33 547
33 550
33 545
33 542
33 545
33 549
33 546
33 547
33 551
33 548
33 549
33 550
33 543
33 544
33 545
33 549
33 553
33 549
33 546
33 541
33 554
33 555
33 548
33 548
33 539
33 534
33 536
33 531
33 532
34 534
34 535
34 529
34 530
34 530
34 515
34 513
34 506
34 496
34 497
34 486
34 486
34 490
34 489
34 490
34 485
34 483
34 491
34 484
34 486
34 486
34 484
34 482
34 484
34 482
34 473
34 468
34 463
34 454
34 461
33 458
33 461
33 465
33 465
33 468
33 472
33 469
33 464
33 457
33 457
33 457
33 452
33 452
34 456
34 454
34 454
34 453
34 447
34 445
34 452
34 445
35 448
35 447
35 449
35 459
35 468
35 476
35 484
35 483
35 480
35 481
35 481
35 482
35 479
35 475
35 467
35 468
35 467
35 477
35 479
35 477
36 474
36 469
36 459
36 456
36 447
36 445
36 446
36 450
36 461
35 470
35 472
35 475
35 470
35 472
36 473
36 469
36 474
36 479
36 476
36 474
36 471
36 468
36 463
36 456
36 453
36 448
36 448
36 448
36 454
36 455
36 457
36 456
36 458
36 455
37 456
37 455
37 451
37 453
37 456
37 454
37 448
37 447
37 446
37 444
37 438
37 436
37 433
37 434
37 427
37 433
37 425
37 421
37 416
37 418
37 416
37 421
37 420
37 418
37 423
37 427
37 424
37 421
37 414
37 418
37 431
37 427
37 422
37 417
37 416
37 420
37 428
37 426
37 423
37 421
37 422
37 423
37 429
37 428
37 428
37 434
37 432
37 429
37 425
37 429
37 425
37 427
37 437
37 444
37 443
37 452
37 449
38 447
38 446
38 448
38 444
38 449
38 445
39 449
39 451
39 447
39 454
39 454
39 452
39 451
39 451
39 450
39 452
39 452
39 462
39 464
39 465
39 461
39 456
39 455
39 454
39 451
39 448
39 450
39 445
39 447
39 449
39 446
39 442
39 435
39 430
39 427
39 434
39 430
39 430
39 437
39 436
39 434
39 445
39 451
39 454
39 456
39 456
39 450
39 443
39 441
39 432
39 429
39 424
39 423
39 422
39 417
39 413
39 410
39 414
39 419
39 421
39 420
39 419
39 419
39 418
39 424
39 427
39 439
39 445
39 443
39 437
39 435
39 434
39 433
39 426
39 421
39 421
39 427
39 426
39 428
39 420
39 415
39 412
39 411
39 409
39 407
39 410
39 415
39 414
39 414
39 408
39 403
39 406
39 405
39 402
39 405
39 409
39 400
39 396
39 394
39 393
39 393
39 392
40 391
40 393
40 391
40 397
40 397
40 403
40 407
40 402
40 405
40 406
40 404
40 412
40 413
40 422
40 422
40 418
40 412
40 412
40 415
40 418
40 427
41 424
41 424
41 427
41 428
41 423
41 419
41 417
41 411
41 406
41 399
41 396
41 395
41 393
41 391
41 398
41 399
41 394
41 398
41 395
41 390
41 392
41 394
41 396
41 401
41 400
41 400
41 400
41 397
41 393
41 401
41 404
40 397
40 390
40 387
40 381
40 384
39 380
39 379
39 379
39 379
39 377
39 380
39 383
39 382
39 381
39 383
39 378
39 378
39 376
39 374
39 373
39 368
39 371
39 370
39 371
39 381
39 388
39 385
39 379
39 376
39 378
39 378
39 386
39 382
39 385
39 377
39 376
39 371
39 375
39 373
40 375
40 380
40 380
40 375
40 376
40 379
40 376
40 374
40 379
40 389
40 397
40 393
40 399
40 394
40 387
40 387
40 396
40 390
40 385
40 383
41 386
41 383
41 390
41 393
41 387
41 382
41 381
41 381
41 373
41 376
41 375
41 374
41 373
41 379
41 380
41 384
41 375
42 379
42 380
42 378
42 380
42 390
42 387
42 387
42 380
42 385
42 379
42 375
42 371
42 371
42 364
42 363
42 364
42 364
42 365
42 366
42 368
42 372
42 369
42 365
42 361
42 364
42 361
42 354
42 353
41 349
41 352
41 349
41 345
41 351
41 353
41 353
41 348
41 340
41 339
41 334
41 343
41 346
41 348
41 347
41 349
41 341
42 336
42 333
42 331
42 332
42 329
42 322
42 324
42 323
42 323
42 323
42 325
42 319
42 317
42 312
42 315
42 318
42 314
42 315
42 323
42 321
42 320
42 319
42 324
42 326
42 333
42 327
42 330
42 340
42 338
42 345
42 346
42 348
42 347
42 355
42 357
42 353
41 353
41 359
41 361
41 356
41 352
41 351
41 348
41 344
41 349
41 343
41 338
41 332
41 330
41 326
41 326
41 322
41 318
41 318
41 310
41 314
41 314
41 310
41 310
41 313
41 321
41 318
41 315
41 303
41 303
42 304
42 307
42 314
42 317
42 313
42 310
42 311
42 314
42 316
42 315
42 325
42 326
41 322
41 315
41 315
41 319
41 318
41 325
41 323
41 324
41 319
41 324
41 328
41 324
41 320
41 318
41 318
41 317
41 316
41 319
40 313
40 316
40 314
40 305
40 302
40 302
40 301
40 305
40 300
40 296
40 302
40 298
40 299
40 297
40 292
40 291
40 286
40 291
40 289
40 288
40 290
40 293
40 289
40 287
40 280
40 275
40 271
40 269
40 268
40 266
40 269
40 273
40 273
40 282
40 281
40 283
40 281
40 283
40 285
40 285
40 287
40 285
40 286
40 286
40 286
40 287
40 279
40 273
41 268
41 268
41 268
41 272
41 272
41 276
41 276
41 274
41 271
41 276
41 274
41 272
41 267
42 263
42 261
43 265
43 272
43 267
43 268
43 273
43 277
43 277
43 288
43 285
43 286
43 286
43 282
43 279
43 280
43 280
43 280
43 280
43 278
43 275
43 275
43 279
43 282
43 287
43 293
43 292
43 293
43 296
43 293
43 293
43 295
43 297
43 301
43 300
43 303
43 304
43 306
43 310
43 307
43 303
43 301
43 299
43 298
43 296
43 291
43 288
43 285
43 285
43 286
43 284
43 281
43 277
43 277
43 275
43 278
43 276
43 276
43 275
43 271
43 269
43 270
43 269
43 271
43 276
43 281
43 280
43 276
44 276
44 271
44 268
44 268
44 274
44 276
44 280
44 281
44 274
44 268
44 267
44 263
44 274
44 272
44 270
44 267
44 268
44 265
44 265
44 266
44 260
44 257
44 254
44 250
44 247
44 248
43 241
43 239
43 234
43 234
43 229
43 234
43 230
43 234
43 231
43 240
43 237
43 237
43 241
43 240
43 244
43 238
43 234
43 232
42 230
42 228
42 234
42 238
42 238
42 241
42 246
42 249
42 253
42 253
42 251
42 248
42 248
42 244
42 243
42 246
42 253
42 250
42 249
42 248
42 245
42 246
42 250
42 254
42 259
42 258
42 260
42 258
42 251
42 251
42 248
42 247
42 247
42 247
42 248
42 252
42 255
42 253
42 250
42 256
42 255
42 253
42 252
42 249
42 244
42 242
42 240
42 239
42 250
42 253
42 251
42 253
42 260
42 256
42 255
42 253
42 255
42 253
42 252
42 250
42 249
42 255
42 260
42 260
42 267
42 266
42 261
42 256
42 258
42 254
42 257
42 253
42 260
42 268
42 270
42 273
42 270
42 267
42 271
42 272
42 282
42 277
42 277
42 278
42 283
42 278
42 280
42 279
42 275
42 278
42 278
42 275
42 275
42 273
42 274
42 272
42 268
42 267
42 265
42 255
42 259
42 266
42 269
42 267
42 268
42 268
42 264
42 265
42 268
41 266
41 274
41 278
41 276
41 270
41 273
41 275
41 277
41 276
41 273
41 276
41 271
41 269
41 268
41 266
41 264
40 261
40 259
40 261
40 260
40 258
40 259
40 257
40 260
40 261
40 261
40 263
40 264
40 262
40 261
40 260
39 259
39 256
39 255
39 258
39 258
39 260
39 266
38 261
38 265
38 261
38 257
38 257
38 257
38 260
38 263
38 258
38 257
38 257
38 262
38 260
38 257
38 261
38 259
38 260
38 259
38 253
38 249
38 247
38 251
38 251
38 243
38 248
38 240
38 241
38 241
38 240
38 240
38 239
38 242
38 246
38 248
38 254
38 252
38 252
38 251
38 248
38 249
38 248
38 250
38 250
38 247
38 246
38 246
38 244
38 249
38 254
38 251
38 253
38 253
38 256
38 265
38 269
38 263
38 265
38 263
38 261
38 266
38 264
38 263
38 269
38 273
38 275
38 282
38 280
38 280
38 283
38 282
38 281
38 277
38 274
38 273
38 270
38 270
38 266
38 264
38 271
38 272
38 273
38 268
38 261
38 256
38 253
38 252
38 251
38 252
38 245
37 258
37 257
37 261
38 260
38 257
38 257
38 255
38 255
38 254
38 262
38 257
38 257
38 255
38 256
38 260
38 256
38 258
38 262
38 266
38 267
38 269
38 267
38 266
38 262
38 259
37 257
37 256
37 253
37 256
37 251
37 253
37 256
37 253
37 258
37 257
37 259
37 265
37 265
37 264
37 265
37 268
37 266
37 270
37 273
37 271
37 277
37 273
37 266
37 265
37 262
37 257
37 259
37 254
37 255
37 261
37 257
37 255
37 250
37 252
37 253
37 250
37 248
37 250
36 252
36 255
36 260
36 262
36 267
36 264
36 261
36 257
36 259
36 259
36 253
36 253
36 250
36 248
36 255
36 253
36 253
36 249
36 246
36 245
36 243
36 242
36 241
36 246
36 248
36 245
36 244
36 239
36 235
36 235
36 233
36 230
36 235
36 239
36 238
36 242
36 247
36 253
36 251
36 250
36 257
36 256
36 255
36 258
36 257
36 259
36 261
36 258
36 261
36 262
36 265
35 267
35 270
35 266
35 262
35 263
35 265
35 270
35 270
35 267
35 264
35 264
35 265
35 266
35 266
35 274
35 273
35 272
35 276
35 275
35 270
35 272
35 280
35 276
35 272
35 271
35 265
35 261
35 266
35 268
35 274
36 283
36 279
36 277
36 275
36 273
36 267
36 270
36 267
36 268
36 265
36 270
36 267
36 266
36 264
36 258
36 260
36 266
36 262
36 267
36 264
36 260
36 257
36 259
36 252
36 252
36 251
36 246
36 242
36 242
36 242
36 241
36 239
36 237
36 238
36 243
36 238
36 234
36 236
36 235
36 234
36 233
36 233
35 233
35 227
35 226
35 225
35 230
35 227
35 227
35 230
35 228
35 238
35 239
35 237
35 245
35 247
35 249
35 247
35 247
35 249
35 247
35 247
35 246
35 249
35 243
35 246
35 248
35 246
35 247
35 253
35 254
35 252
35 257
35 264
35 264
35 267
35 262
35 263
35 265
35 264
35 265
35 266
35 266
35 265
35 264
35 258
35 257
35 253
35 246
35 243
35 247
35 249
35 247
35 246
35 249
35 252
35 255
35 251
35 253
35 247
35 251
35 249
35 248
35 248
35 243
35 239
35 241
35 238
35 235
35 236
35 232
35 228
35 226
35 223
35 222
35 217
35 218
35 215
35 213
35 215
35 229
35 228
35 231
35 235
35 243
35 241
35 244
35 242
35 235
36 235
36 232
36 228
36 230
36 232
36 235
36 234
36 233
36 239
36 235
36 240
36 239
35 235
35 234
35 235
35 234
35 236
35 233
35 234
35 238
35 240
35 239
35 238
35 239
35 237
35 239
35 240
35 238
35 244
35 246
35 253
35 257
35 258
35 257
35 256
35 257
35 262
35 264
35 266
35 265
35 258
35 259
35 262
35 262
35 259
35 257
35 255
35 249
35 252
35 255
35 249
35 250
35 252
35 252
35 247
35 245
35 241
35 242
35 246
34 243
34 245
34 239
34 231
34 227
34 228
34 235
34 240
34 240
34 238
33 235
33 230
33 230
33 230
33 228
33 226
33 223
33 218
33 216
33 218
33 223
33 222
33 222
33 220
33 215
33 217
33 216
33 217
33 222
33 217
33 221
33 217
33 211
33 210
33 209
33 212
33 215
33 212
33 208
33 211
33 210
33 209
33 210
33 212
33 213
33 216
33 214
33 215
33 222
33 221
33 219
33 219
33 218
33 225
33 225
33 223
33 225
33 220
33 220
33 219
33 213
33 206
33 202
33 208
33 210
33 216
33 214
33 216
33 218
33 223
33 225
33 238
33 235
33 237
33 242
33 244
33 252
33 253
33 254
33 255
33 262
33 260
33 254
33 252
33 250
33 246
33 247
33 252
33 251
33 251
33 253
33 246
33 249
33 246
33 244
33 242
33 248
33 248
33 254
33 254
33 253
33 250
33 249
33 245
33 248
33 249
33 245
33 246
33 245
33 247
33 251
33 250
33 249
33 250
33 255
33 255
33 253
33 251
33 249
33 255
33 252
32 250
32 247
32 249
32 252
31 253
31 248
31 246
31 243
31 240
31 243
31 242
31 245
31 245
31 245
31 249
31 248
31 250
31 248
31 254
31 251
31 263
31 261
31 258
31 260
31 256
31 249
31 248
31 252
31 250
31 247
31 250
31 251
31 253
31 249
31 248
31 253
31 249
31 249
30 246
30 249
30 253
30 258
30 255
30 257
30 258
30 256
30 255
30 261
30 264
30 259
30 255
30 249
30 244
30 247
30 245
30 240
30 241
30 239
30 238
30 236
30 233
30 232
30 234
30 237
30 242
30 251
30 250
30 245
31 249
31 245
31 243
32 251
32 255
32 255
32 264
32 264
32 264
32 263
32 263
32 276
32 268
32 263
32 259
32 256
32 254
32 249
32 252
32 256
32 254
32 258
32 263
32 260
32 265
32 265
32 263
32 257
32 260
32 258
32 261
32 258
32 255
32 267
32 260
32 261
32 259
32 255
32 253
32 248
32 248
32 242
32 236
32 231
31 232
31 230
31 241
31 237
31 240
31 243
31 243
31 245
31 248
31 247
31 245
31 249
31 248
31 247
31 245
31 245
31 240
31 239
31 237
31 237
31 238
31 237
31 237
31 237
31 241
31 240
31 241
30 240
30 244
30 242
30 241
30 238
30 235
30 238
30 243
30 242
30 240
30 236
30 239
30 238
30 236
30 239
30 240
30 245
30 247
30 245
30 243
30 251
30 253
30 251
30 253
30 253
30 257
30 257
29 258
29 259
29 260
29 258
29 252
30 254
30 251
30 248
30 249
30 252
30 261
30 267
30 265
30 270
30 272
30 275
29 276
29 286
29 282
29 285
29 288
29 283
29 285
29 290
29 294
29 291
29 292
29 289
29 290
29 290
29 289
29 289
29 288
29 284
29 286
29 286
29 290
29 289
29 288
29 283
29 286
29 286
29 288
29 293
29 291
29 293
29 288
29 288
29 288
29 293
29 290
29 288
29 284
29 290
29 289
29 289
29 291
29 290
29 286
29 287
29 297
29 300
29 302
29 298
29 293
29 286
29 285
29 281
29 282
29 281
29 279
28 281
28 283
28 284
28 288
28 284
28 284
28 285
28 284
28 282
28 282
28 276
28 279
28 277
28 279
28 274
28 275
28 273
28 269
28 266
28 267
28 260
28 262
28 257
28 258
28 254
28 254
28 254
28 252
28 250
28 252
28 253
28 251
28 256
28 256
28 253
28 255
28 251
28 252
28 250
28 246
28 252
28 254
28 255
28 254
28 254
28 253
28 253
28 254
28 252
28 250
28 247
28 254
27 258
27 263
27 264
27 267
27 269
27 267
27 267
27 268
27 273
27 273
27 279
27 278
27 274
27 273
27 276
27 280
27 279
27 276
27 274
27 274
27 276
26 270
26 264
26 260
26 262
26 260
26 260
26 260
26 261
26 261
26 259
26 255
26 254
26 249
26 257
26 257
26 253
26 254
26 251
26 252
26 250
26 249
26 250
26 260
26 260
26 257
26 262
26 259
26 258
26 254
26 258
26 262
26 263
26 259
26 261
26 264
26 266
26 267
26 267
26 267
26 267
26 264
26 268
26 267
26 271
26 272
26 267
26 264
26 273
26 273
26 275
26 274
26 275
26 277
26 274
26 274
26 275
26 269
26 261
26 258
26 254
26 251
26 248
26 248
26 250
26 253
26 256
26 252
26 254
26 255
26 252
26 254
26 247
26 246
26 240
26 237
26 234
26 236
26 238
26 236
26 233
26 233
26 236
26 238
26 236
26 231
26 234
26 231
26 227
26 226
26 230
26 232
26 228
26 225
26 221
26 218
26 223
26 221
26 219
26 222
26 222
26 222
26 228
26 227
26 227
26 227
26 227
26 227
26 226
26 224
26 224
26 224
26 228
26 226
26 227
26 230
26 230
26 242
26 244
26 244
26 243
26 238
26 241
26 242
26 239
26 235
26 232
26 227
26 225
26 224
26 221
26 226
26 224
26 224
26 230
26 234
26 233
26 231
26 230
26 233
26 227
26 229
26 225
26 231
26 232
26 230
26 230
26 231
26 236
26 233
26 234
26 228
26 229
26 228
26 228
26 224
26 224
26 225
26 222
26 224
26 227
26 224
26 225
26 223
26 225
27 226
27 224
27 234
27 233
27 231
27 230
27 231
27 232
27 226
27 226
27 221
27 220
27 226
27 228
27 227
27 227
26 228
26 229
26 228
26 228
26 231
26 227
26 228
26 227
26 229
26 228
26 230
26 235
26 233
27 234
27 231
27 229
27 226
27 224
27 227
27 225
27 230
27 227
27 228
27 225
27 225
27 229
27 224
27 216
27 220
27 224
27 227
27 226
27 228
27 229
27 230
27 232
27 239
27 237
27 244
27 243
27 243
27 246
27 245
27 247
27 246
27 251
27 249
27 253
27 253
27 250
27 245
27 244
27 247
27 244
27 241
27 244
27 243
27 244
27 246
27 245
27 247
27 239
27 236
27 242
27 242
27 238
27 237
27 235
27 234
27 231
27 229
27 228
27 232
27 231
27 230
27 228
27 228
27 225
26 230
26 232
26 231
26 232
26 232
26 231
26 230
26 233
26 233
26 233
26 231
26 226
26 226
26 223
26 228
26 225
26 225
26 223
26 220
26 214
26 212
26 210
26 208
26 205
26 208
26 205
26 206
26 206
26 210
26 215
26 212
26 212
26 212
26 210
26 214
26 216
26 213
26 210
26 212
26 210
26 207
26 209
26 215
26 215
26 212
26 206
26 212
26 213
26 214
26 219
26 218
26 221
26 216
26 214
26 216
26 217
26 222
26 221
26 220
26 227
26 229
26 228
26 229
26 232
26 233
26 235
26 238
26 237
26 237
26 240
26 250
26 252
26 255
26 258
26 259
26 263
26 263
26 264
26 265
26 266
26 263
26 263
26 267
26 266
26 261
26 255
26 252
26 256
26 258
26 256
26 253
26 257
26 259
26 258
26 259
26 260
26 265
26 271
26 274
26 273
26 270
26 264
26 261
26 259
26 258
26 256
26 251
26 251
26 244
26 241
26 236
26 233
26 238
26 237
26 236
26 237
26 236
26 233
26 229
26 238
26 238
25 236
25 236
25 236
25 234
25 232
25 238
25 235
25 237
25 235
25 235
25 236
25 235
25 233
25 234
25 231
25 230
25 229
25 228
25 226
25 224
25 226
25 229
25 230
25 232
25 237
25 247
25 245
25 244
25 247
25 247
25 244
25 244
24 254
24 250
24 251
24 254
24 256
24 251
24 248
24 244
24 241
24 238
24 236
24 233
24 234
24 235
24 232
24 230
24 232
24 232
24 241
24 245
24 242
24 240
24 242
24 243
24 240
24 239
24 245
24 244
24 242
24 241
24 242
24 246
24 242
24 242
24 246
24 245
24 244
24 243
24 248
24 247
24 242
24 240
24 237
24 236
24 243
24 245
24 250
24 250
24 249
24 244
24 246
24 246
24 243
24 243
24 240
24 241
24 242
24 242
24 247
24 247
24 251
24 243
24 244
24 247
24 244
24 242
24 239
24 237
24 234
24 232
24 232
24 231
24 230
24 232
24 240
24 236
24 234
24 230
24 228
24 225
24 221
24 219
24 215
24 212
24 209
24 209
24 206
24 210
24 204
24 200
24 202
24 199
24 200
24 201
24 202
24 202
24 206
23 209
23 210
23 211
23 214
23 211
23 216
23 215
23 218
23 216
23 215
23 216
23 222
23 221
23 222
23 220
23 221
23 221
23 221
23 223
23 229
23 229
23 222
23 215
24 211
24 207
24 206
24 204
24 202
24 197
24 196
24 192
24 188
24 191
24 189
24 188
24 196
24 196
24 196
24 200
24 199
24 197
24 205
24 212
24 210
24 223
24 221
24 220
24 220
24 218
24 220
24 216
24 216
24 214
24 209
24 207
24 203
24 202
24 204
24 206
24 202
24 206
24 198
24 193
24 193
24 191
24 188
24 191
24 191
24 191
24 192
24 188
24 187
24 183
24 180
24 176
24 173
24 170
24 176
24 183
24 181
24 186
24 189
23 188
23 186
23 188
23 193
23 200
23 199
23 198
23 200
23 199
23 204
23 205
23 214
23 215
23 213
23 217
23 220
23 220
23 229
23 229
23 225
23 226
23 222
23 226
23 223
23 224
23 223
23 222
23 220
23 218
23 218
23 219
23 228
23 229
23 230
23 230
23 226
23 224
23 225
23 225
23 225
23 227
23 225
23 224
23 219
23 222
23 221
23 220
23 220
24 217
24 218
24 218
24 219
24 217
24 212
24 210
24 209
24 205
24 200
24 197
24 199
24 201
24 199
24 204
24 203
24 200
24 198
24 194
24 194
24 195
24 201
24 201
24 203
24 199
24 198
24 198
24 197
24 194
24 200
24 198
24 193
24 191
24 197
24 194
24 192
24 187
24 184
24 179
24 180
24 181
24 179
24 178
24 178
24 177
24 175
24 172
24 170
24 174
24 173
24 179
24 181
24 179
24 184
24 183
24 183
24 181
24 179
24 180
24 178
24 184
24 185
24 183
24 181
24 181
24 179
24 182
24 180
24 178
24 181
24 186
24 184
24 182
24 186
24 186
24 184
24 187
24 190
24 187
24 186
24 185
24 183
24 184
24 182
24 180
24 179
24 176
24 174
24 173
24 171
24 169
24 178
24 174
24 171
24 169
24 167
24 171
24 169
24 167
24 168
24 169
24 169
24 170
24 174
24 177
24 179
24 179
23 181
23 179
23 179
23 177
23 178
23 184
23 189
23 189
23 192
23 195
23 195
23 195
23 195
23 196
23 196
23 194
23 190
23 193
23 190
23 193
23 196
23 190
23 187
23 189
23 197
23 197
23 210
23 210
23 211
23 212
23 211
23 210
23 210
23 213
23 210
23 209
22 209
22 208
22 208
22 211
22 206
22 204
22 206
22 215
22 218
22 220
22 222
22 221
22 223
22 221
22 218
22 212
22 212
22 215
22 214
22 212
22 215
22 216
22 213
22 215
22 214
22 211
22 209
22 211
22 214
22 214
22 215
22 210
22 209
22 210
22 210
22 211
22 216
22 216
22 214
22 210
22 212
22 209
22 208
22 204
22 197
22 194
22 193
22 197
22 202
22 201
22 200
22 208
22 207
22 204
22 200
22 192
22 192
22 203
22 205
22 206
22 210
22 206
22 204
22 205
22 203
22 204
22 211
22 214
22 216
22 216
22 215
22 212
22 215
22 213
22 209
22 206
22 206
22 209
22 211
22 217
22 218
22 223
22 224
22 225
22 223
22 227
22 231
22 234
22 231
22 227
22 228
22 228
22 227
22 225
22 219
22 209
22 206
22 205
22 210
22 210
22 208
22 207
22 205
22 210
22 216
22 220
22 218
22 216
22 215
22 219
22 220
22 224
22 224
22 228
22 227
22 224
22 229
22 222
22 219
22 216
22 215
22 218
22 213
22 212
22 215
22 218
22 219
22 218
22 214
22 215
22 216
22 213
22 209
22 207
22 201
22 197
22 194
22 190
22 188
22 185
22 194
22 190
22 191
22 189
22 185
22 185
22 185
22 189
22 187
22 187
22 187
22 189
22 186
22 183
22 179
22 180
22 174
22 173
22 171
23 168
23 167
23 167
23 165
23 163
23 167
23 166
23 168
23 172
23 171
23 170
23 168
23 171
23 168
23 167
23 170
23 170
23 173
23 172
23 182
23 181
23 187
23 190
23 187
23 190
23 189
23 188
23 193
23 192
23 193
23 191
23 190
23 190
23 189
23 186
23 181
23 183
23 187
23 186
23 198
23 199
23 197
23 195
23 199
23 197
23 196
23 195
23 191
23 193
23 197
23 199
23 198
23 194
23 195
23 193
23 190
23 188
24 189
24 185
24 184
24 182
24 183
24 183
24 185
24 183
24 186
24 181
24 178
24 176
24 175
24 177
24 178
24 177
24 175
24 179
24 177
24 176
24 176
24 173
24 175
24 173
24 174
24 173
24 174
24 174
24 174
24 172
24 169
24 169
24 168
25 166
25 166
25 163
25 162
25 162
25 166
25 165
25 160
25 157
25 158
25 156
25 160
25 163
25 160
25 162
25 160
25 165
25 165
25 162
25 158
25 160
25 165
25 164
25 162
25 159
25 159
25 155
25 155
25 153
25 151
25 147
25 149
25 148
25 149
25 148
25 152
25 151
25 148
25 147
25 149
25 160
25 164
25 165
25 168
25 166
25 160
25 158
25 162
25 163
25 166
25 169
25 175
25 174
25 176
25 181
25 179
25 179
25 183
25 181
25 180
25 180
25 183
25 180
25 183
25 180
25 175
25 171
25 176
24 171
24 169
24 168
24 167
24 169
24 167
24 170
24 168
24 166
24 165
24 169
24 175
24 174
24 179
24 178
24 180
24 184
24 182
24 186
24 183
24 182
24 180
24 181
24 179
24 176
24 178
24 180
24 179
24 182
24 180
24 182
24 180
24 178
24 181
24 184
24 186
24 185
24 187
24 186
24 183
24 184
24 186
24 187
24 188
24 190
24 187
24 187
24 186
24 186
24 185
24 183
24 181
24 182
24 179
24 178
24 180
24 184
24 190
24 190
24 193
24 197
24 195
24 195
24 197
24 195
24 198
24 199
24 198
24 197
24 201
24 202
24 203
24 199
24 196
24 191
24 188
24 189
24 187
24 191
24 193
24 190
24 187
24 188
24 186
24 182
24 177
24 177
24 177
24 173
24 178
24 180
24 177
23 178
23 180
23 177
23 177
23 175
23 174
23 171
23 167
23 163
23 167
23 164
23 160
23 158
23 156
23 157
23 154
23 153
23 154
23 154
23 151
23 148
23 146
23 143
23 143
23 144
23 148
23 146
23 144
23 141
23 140
23 139
23 140
23 141
23 140
23 138
23 137
23 138
23 137
23 136
23 139
23 142
23 141
23 136
23 137
23 134
23 135
23 133
23 133
23 132
23 131
23 136
23 138
23 136
23 136
23 135
23 139
23 135
23 129
23 132
23 132
23 133
23 136
23 138
23 136
23 141
23 144
23 143
23 144
24 143
24 151
24 150
24 153
24 153
24 157
24 157
24 163
24 162
24 159
24 156
24 155
24 153
24 153
24 151
24 148
24 149
24 145
24 145
24 147
24 151
24 151
24 151
24 154
24 156
24 155
24 154
24 155
24 154
24 152
24 158
24 154
24 155
24 155
24 156
24 155
24 155
24 153
24 149
24 153
24 152
24 149
24 148
24 145
24 144
24 140
24 139
24 137
24 135
24 138
24 142
24 144
24 146
24 146
23 146
23 149
23 149
23 148
23 147
23 147
23 151
23 151
23 147
23 150
23 147
23 146
23 146
23 145
23 144
23 142
23 143
23 138
23 135
23 132
23 132
23 130
23 128
23 130
23 131
23 132
23 130
23 132
23 131
23 128
23 130
23 130
23 130
23 128
23 133
23 130
23 136
23 133
23 130
23 129
23 132
23 130
23 129
23 132
23 131
22 129
22 130
22 138
22 137
22 140
22 141
22 141
22 140
22 139
22 137
22 135
22 133
22 132
22 131
22 131
22 134
22 138
22 138
22 138
22 137
22 136
22 141
22 139
22 141
22 139
22 137
22 136
22 138
22 145
22 146
22 145
22 146
22 148
22 146
22 152
22 150
22 152
22 151
22 150
22 149
22 156
22 157
22 153
22 155
22 158
22 162
22 162
22 164
22 166
22 163
22 161
22 164
22 160
22 161
22 157
22 154
22 152
22 148
22 147
22 149
22 148
22 151
22 150
22 153
22 153
22 155
22 155
22 155
22 157
22 167
22 165
22 165
22 164
22 163
22 160
22 156
22 157
22 155
22 155
22 157
22 158
22 160
22 160
22 164
22 166
22 166
22 165
22 166
22 168
22 168
22 167
22 167
22 167
22 165
22 165
22 164
22 160
22 157
22 152
22 153
22 150
22 145
22 143
22 142
22 142
22 147
22 148
22 153
22 152
22 150
22 146
22 149
22 149
22 146
22 145
22 142
22 142
22 143
22 148
22 150
22 151
22 151
22 153
22 151
22 152
22 151
22 151
22 147
22 149
22 146
22 144
22 145
22 144
22 150
22 151
22 152
22 160
22 161
22 159
22 158
22 156
22 156
22 157
22 152
22 151
22 152
22 154
22 156
22 163
22 159
22 158
21 163
21 168
21 167
21 166
21 163
21 162
21 170
21 170
21 172
21 166
21 165
21 164
21 164
21 161
21 161
21 160
21 159
21 159
21 158
21 155
21 153
21 158
21 157
21 159
21 157
21 158
21 159
21 160
21 161
21 160
21 164
21 163
21 162
21 161
21 164
21 164
21 169
21 167
21 165
21 165
21 164
21 164
21 167
21 169
21 169
21 167
21 166
21 165
21 163
21 160
21 156
21 153
21 155
21 155
21 155
21 154
21 158
21 154
21 153
21 153
21 155
21 154
21 150
21 148
21 146
21 144
21 142
21 144
21 150
21 150
21 152
21 157
21 155
21 156
21 156
21 154
21 154
21 152
21 151
21 148
21 149
21 149
21 148
21 153
21 158
21 152
21 153
21 149
21 151
21 148
21 142
21 144
21 147
21 147
21 159
21 158
21 158
21 160
21 162
21 159
21 157
21 164
21 165
21 164
21 161
21 162
21 158
21 154
21 151
21 150
21 146
21 150
21 150
21 149
21 145
21 145
21 143
21 146
21 153
21 155
21 154
21 156
21 154
21 155
21 157
21 160
21 159
21 159
21 158
21 157
21 155
21 157
21 156
21 163
21 165
21 166
20 168
20 167
20 164
20 162
20 159
20 158
20 156
20 154
20 153
20 151
20 151
20 149
20 150
20 151
20 150
20 147
20 154
20 151
20 151
20 152
20 158
20 157
20 157
20 167
20 169
20 173
20 171
20 177
20 174
20 171
20 177
20 177
20 175
20 173
20 174
20 172
20 169
20 166
20 165
20 166
20 167
20 161
20 158
20 162
20 161
20 156
20 163
20 164
20 165
20 171
20 168
20 165
20 164
20 163
20 164
20 164
20 160
20 162
20 161
20 158
20 158
20 156
20 157
20 155
20 159
20 160
20 161
20 159
20 163
20 171
20 173
20 174
20 176
20 179
20 182
20 184
20 183
20 184
20 181
20 176
20 174
20 169
20 171
20 168
20 171
20 168
20 166
20 165
20 164
20 169
20 169
20 168
20 166
20 164
20 164
20 165
20 169
20 167
20 169
20 169
20 167
20 167
20 163
20 160
20 158
20 162
20 156
20 156
20 161
20 159
20 156
20 161
20 156
20 165
20 171
20 170
20 173
20 180
20 179
20 177
20 180
20 184
20 182
20 180
20 178
20 174
20 173
20 173
20 170
20 172
20 170
20 180
20 179
20 180
20 178
20 179
20 182
20 182
20 188
20 186
19 188
19 194
19 195
19 192
19 190
19 191
19 198
19 197
19 196
19 193
19 192
19 194
19 194
19 193
19 195
19 194
19 192
19 195
19 196
19 194
19 196
19 193
19 190
19 189
19 190
19 189
19 189
19 187
19 183
19 187
19 190
19 185
19 182
19 180
19 181
19 180
19 180
19 179
19 174
19 172
19 175
19 176
19 178
19 180
19 178
19 172
19 172
19 170
19 170
19 170
19 172
19 172
19 173
19 173
19 178
19 180
19 181
19 180
19 179
19 180
19 175
19 178
19 180
19 178
19 176
19 177
19 182
19 182
19 185
19 183
19 179
19 175
19 174
19 177
19 177
19 177
19 175
18 175
18 175
18 182
18 184
18 186
18 183
18 184
18 186
18 184
18 188
18 191
18 192
18 194
18 195
18 191
18 193
18 194
18 193
18 191
18 192
18 188
18 185
18 187
18 187
18 189
18 188
18 190
18 192
18 193
18 198
18 196
18 195
18 195
18 199
18 199
18 199
18 197
18 199
18 199
18 201
18 198
18 198
18 194
18 196
18 196
18 197
18 196
18 196
18 197
18 195
18 192
18 190
18 195
18 197
18 194
18 196
18 192
18 192
18 195
18 193
18 196
18 199
18 199
18 194
18 195
18 199
18 193
18 189
18 188
18 191
18 189
18 186
18 185
18 182
18 182
18 180
18 182
18 182
18 180
18 180
18 186
18 187
18 184
18 182
18 180
18 183
18 180
18 174
18 172
18 170
18 173
18 174
18 173
18 170
18 168
18 166
18 163
18 161
18 164
18 167
18 163
18 162
18 162
18 160
18 160
18 156
18 159
18 155
18 153
18 155
18 152
18 150
18 149
18 148
18 150
18 150
18 149
18 148
18 148
18 150
18 153
18 152
18 152
18 152
18 154
18 156
18 153
18 154
18 152
18 149
18 145
18 146
18 145
18 147
18 152
18 156
18 159
18 157
18 155
18 157
18 154
18 157
18 158
18 155
18 154
18 157
18 156
18 157
18 156
18 152
18 153
18 151
18 148
18 142
18 145
18 144
18 146
18 150
18 154
18 155
18 155
18 157
18 159
18 155
18 152
18 152
18 147
18 142
18 140
18 138
18 141
18 139
18 137
18 134
18 135
18 139
18 137
18 137
18 133
18 131
18 133
18 131
18 132
18 133
18 130
18 129
18 131
18 128
18 125
18 123
18 127
18 124
18 123
18 123
18 124
18 122
18 123
18 122
18 121
18 118
18 118
18 120
18 119
18 115
18 111
18 110
18 110
18 108
18 111
18 112
18 111
18 109
18 113
18 117
18 119
18 118
18 117
18 117
18 119
18 119
18 115
18 115
18 114
18 114
18 114
18 111
18 107
18 105
18 102
18 99
18 98
18 96
18 94
18 94
18 95
18 98
18 100
18 99
18 99
18 98
18 101
18 101
18 103
18 106
18 104
18 107
18 105
18 104
18 103
18 101
18 102
18 100
18 98
18 97
18 96
18 97
18 96
18 98
18 98
18 97
18 97
18 95
18 93
18 93
18 92
18 93
18 93
18 92
18 91
18 96
18 94
18 93
18 92
18 91
18 91
18 90
18 95
18 102
18 102
18 102
18 101
18 101
18 103
18 107
18 108
18 105
18 103
18 99
18 98
18 97
18 96
18 96
18 100
18 100
18 104
18 102
18 100
18 101
18 100
18 99
18 99
18 102
18 102
18 102
18 102
18 102
18 100
18 98
18 97
18 99
18 102
18 100
18 99
18 98
18 96
18 93
18 98
18 97
18 96
18 94
18 96
18 95
18 94
18 92
18 92
18 91
18 96
18 97
18 95
18 96
18 103
18 102
18 101
18 101
18 99
18 104
18 103
18 100
18 99
18 100
18 98
18 100
18 101
18 99
18 99
18 97
18 97
18 96
18 93
18 96
18 96
18 95
18 92
18 89
18 89
18 90
18 88
18 86
18 87
18 87
18 85
18 84
18 89
18 92
18 91
18 92
18 93
18 93
18 95
18 95
18 97
18 95
18 93
18 91
18 95
18 92
18 91
18 90
18 89
18 96
18 99
18 103
18 106
18 107
18 107
18 105
18 103
18 104
18 107
18 107
18 105
17 107
17 112
17 112
17 112
17 109
17 105
17 104
17 102
17 100
17 98
17 97
17 97
17 94
17 93
17 91
16 93
16 92
16 95
16 95
16 95
16 93
16 92
16 88
16 87
16 86
16 85
16 85
16 84
16 87
16 87
16 89
16 88
16 88
16 88
16 91
16 90
16 88
16 87
16 93
16 97
16 98
16 97
16 99
16 99
16 98
16 100
16 99
16 99
16 102
16 102
16 102
16 104
16 103
16 101
16 100
16 101
16 105
16 105
16 105
16 105
16 105
16 105
16 102
16 100
16 97
16 97
16 97
16 97
16 97
16 100
16 99
16 98
16 98
16 98
16 99
16 103
16 103
16 102
16 104
16 104
16 104
16 106
16 111
16 109
16 107
16 106
16 106
16 106
16 106
16 106
16 108
16 111
16 114
16 113
16 111
16 109
16 108
16 106
16 103
16 103
16 103
16 104
16 108
16 106
16 104
16 100
16 99
16 96
16 94
16 92
16 90
16 89
16 88
16 90
16 91
16 92
16 93
16 92
16 94
16 92
16 88
16 88
16 88
16 91
16 90
16 90
16 94
16 95
16 95
16 98
16 99
16 97
16 96
16 96
16 96
16 99
16 106
16 105
16 112
15 114
15 116
15 119
15 118
15 122
15 122
15 122
15 124
15 124
15 122
15 120
15 119
15 119
15 125
15 125
15 126
15 124
15 123
15 124
15 126
15 125
15 125
15 125
15 124
15 126
15 128
15 127
15 131
15 131
15 131
15 135
15 135
15 134
15 134
15 133
15 133
15 133
15 133
15 132
15 131
15 131
15 136
15 139
15 137
15 136
15 139
15 137
15 137
15 137
15 137
15 138
15 138
15 137
15 136
15 138
15 137
15 137
15 134
15 136
15 135
15 135
15 135
15 134
14 135
14 135
14 136
14 134
14 131
14 128
14 123
14 122
14 122
14 121
14 121
14 119
14 120
14 119
14 118
14 117
14 119
14 117
14 116
14 116
14 114
14 110
14 110
14 111
14 113
14 116
14 116
14 113
14 116
14 117
14 119
14 122
14 124
14 128
14 133
14 135
14 135
14 137
14 138
14 138
14 136
14 136
14 137
14 137
14 137
14 141
14 140
14 146
14 147
14 145
14 142
14 141
14 143
14 144
14 148
14 148
14 150
14 150
14 150
14 150
14 148
14 147
14 147
14 145
14 145
14 144
14 142
14 141
14 142
14 142
14 144
14 145
14 147
14 148
14 147
14 146
14 146
14 145
14 147
14 147
14 146
14 146
14 146
14 145
14 149
14 151
14 151
14 149
14 154
14 152
14 150
14 147
14 145
14 144
14 142
14 143
14 139
14 138
14 135
14 133
14 133
14 133
14 130
14 128
14 127
14 130
14 129
14 129
14 126
14 123
14 122
14 123
14 124
14 123
14 126
14 130
14 134
14 133
14 131
14 132
14 134
14 134
14 142
14 142
14 142
14 144
14 143
14 149
14 152
14 152
14 156
14 156
14 157
14 162
14 161
14 160
14 160
13 161
13 161
13 160
13 162
13 163
13 162
13 163
13 162
13 165
13 168
13 168
13 172
13 172
13 175
13 174
13 174
13 172
13 174
13 176
13 179
13 178
13 177
13 176
13 176
13 180
13 177
13 176
13 179
13 179
13 178
13 178
13 180
13 181
13 178
13 178
13 180
13 180
13 182
13 186
13 185
13 185
13 186
13 191
13 195
13 195
13 195
13 195
13 196
13 196
13 195
13 195
13 193
13 191
13 190
13 189
13 190
13 187
13 185
13 182
13 187
13 183
13 187
13 185
13 188
13 187
13 184
13 183
13 181
13 180
13 178
13 178
13 177
13 176
13 171
13 174
13 172
13 174
13 172
13 172
13 169
13 167
13 164
13 162
13 160
13 168
13 170
13 172
13 171
13 172
13 170
13 168
13 169
13 165
13 165
13 164
13 162
13 161
13 161
13 166
13 166
13 170
13 168
13 167
13 171
13 171
13 171
13 174
13 174
13 177
13 177
13 182
13 182
13 188
13 186
13 187
13 185
13 187
13 187
13 188
13 186
13 184
13 183
13 183
13 182
13 185
13 188
13 194
13 192
13 193
13 194
13 194
13 194
13 193
13 189
13 190
13 190
13 186
13 184
13 181
13 187
13 185
13 187
13 184
13 188
13 189
13 196
13 195
13 204
13 202
13 200
13 205
13 202
13 203
13 203
13 201
13 199
13 199
13 205
13 204
13 202
13 201
13 202
13 205
13 204
13 203
13 211
13 210
13 213
13 213
13 218
13 219
13 218
13 219
13 221
13 220
13 221
13 219
13 216
13 214
13 217
13 215
13 216
13 214
13 214
13 221
13 219
13 222
13 222
13 221
13 222
13 219
13 219
13 217
13 220
13 217
13 217
13 222
13 221
13 219
13 222
13 220
13 216
13 214
13 215
13 216
13 216
13 214
13 215
13 219
13 218
13 221
13 220
13 219
13 224
13 223
13 222
13 220
13 216
13 215
13 219
13 215
13 216
13 212
13 211
13 208
13 206
13 206
13 208
13 210
13 211
13 209
13 210
13 211
13 210
13 214
13 212
13 213
13 212
13 211
13 216
13 221
13 223
13 220
13 217
13 222
13 220
13 218
13 218
13 218
13 214
13 219
13 220
13 221
13 218
13 217
13 213
13 212
13 214
13 213
13 217
13 214
13 218
13 216
13 216
13 218
13 220
13 222
13 220
13 220
13 219
13 218
13 217
13 219
13 216
13 216
13 215
13 212
13 213
13 213
13 208
13 205
13 203
13 203
13 204
13 202
13 200
13 198
13 200
13 201
13 198
13 198
13 198
13 201
13 205
13 204
13 202
13 203
13 200
13 203
13 204
13 203
13 204
13 204
13 207
13 213
13 213
13 214
13 216
13 225
13 226
13 226
13 226
13 227
13 228
13 229
13 225
13 225
13 223
13 223
13 232
13 230
13 234
13 234
13 233
13 238
13 242
13 240
13 240
13 244
13 246
13 249
12 251
12 252
12 250
12 249
12 251
12 254
12 251
12 253
12 253
12 250
12 251
12 253
12 252
12 250
12 250
12 246
12 247
12 247
12 250
12 250
12 250
12 250
12 252
12 253
12 253
12 256
12 254
12 257
12 254
12 253
12 252
12 250
12 247
12 245
12 242
12 239
12 238
12 235
12 231
12 229
12 228
12 228
12 226
12 231
12 228
12 237
12 238
12 238
12 240
12 245
12 242
12 249
12 249
12 253
12 252
12 256
12 257
12 258
12 256
12 261
12 259
12 264
12 270
12 269
12 270
12 271
12 271
12 277
12 278
12 278
12 276
12 284
12 282
12 280
12 280
12 278
12 277
12 275
12 274
12 273
12 278
12 275
12 278
12 283
12 288
12 287
12 286
12 286
12 286
12 286
12 289
12 294
12 294
12 293
12 292
12 290
12 292
12 292
12 293
12 294
12 296
12 297
12 294
12 293
12 293
12 297
12 295
12 300
12 300
12 296
12 298
12 300
12 297
12 300
12 305
12 304
12 303
12 303
12 302
12 297
12 297
12 295
12 292
12 293
12 295
12 295
12 300
12 296
12 294
12 292
12 291
12 295
12 295
12 292
12 289
12 293
12 291
12 294
12 288
12 288
12 286
12 284
12 284
12 285
12 281
12 281
12 284
12 288
12 289
12 292
12 294
12 302
12 301
12 303
12 303
12 304
12 304
12 300
12 293
12 292
12 293
12 290
12 286
12 284
12 287
12 288
12 288
12 289
12 288
12 297
12 301
12 300
12 299
12 299
12 300
12 301
12 298
12 297
12 300
12 301
12 304
12 303
12 300
12 299
12 294
12 296
12 295
12 297
12 299
12 298
12 302
12 305
12 306
12 303
12 303
12 310
12 307
12 308
12 312
12 313
12 318
12 318
12 323
12 322
12 325
12 325
12 334
12 335
12 334
12 340
12 338
12 342
12 344
12 341
12 339
12 335
12 332
12 331
12 326
12 322
12 321
12 320
12 321
12 321
13 315
13 308
13 304
13 301
13 296
13 302
13 299
13 300
13 298
13 294
13 292
13 290
13 288
13 285
13 286
13 285
13 287
13 291
13 289
13 292
13 293
13 293
13 287
13 286
13 283
13 282
13 283
13 283
13 285
13 286
13 291
13 291
13 288
13 287
13 286
13 289
13 285
13 286
13 283
13 286
13 285
13 286
13 286
13 285
13 290
13 293
13 291
13 296
13 297
13 296
13 298
13 295
13 302
13 301
13 298
13 296
13 294
13 300
13 300
13 302
13 301
13 298
13 299
13 296
13 294
13 294
13 294
13 292
13 293
13 292
13 297
13 304
13 302
13 308
13 313
13 310
13 312
13 312
13 310
13 320
13 324
13 329
13 330
13 330
13 334
13 332
13 332
13 332
13 328
13 326
13 325
13 323
13 322
13 322
13 322
13 326
13 324
13 324
13 321
13 319
13 325
13 322
13 320
13 321
13 327
13 329
13 327
13 325
13 326
13 330
13 328
13 328
13 326
13 327
13 327
13 333
13 334
13 332
13 332
13 338
13 335
13 331
13 334
13 332
13 333
13 332
13 329
13 326
13 328
13 325
13 321
13 322
13 320
13 324
13 329
13 330
13 327
13 326
13 327
13 325
13 323
13 323
13 323
13 322
13 319
13 317
13 319
13 320
13 322
14 319
14 317
14 315
14 312
14 313
14 313
14 310
14 310
14 308
14 312
14 308
14 311
14 308
14 306
14 310
14 310
14 316
14 320
14 320
14 323
14 322
14 322
14 321
14 325
14 327
14 329
14 329
14 327
14 330
14 330
14 336
14 333
14 331
14 327
14 328
14 323
14 323
14 325
15 326
15 326
15 323
15 321
15 317
15 316
15 318
15 317
15 312
15 312
15 313
15 312
15 311
15 308
15 305
15 310
15 318
15 318
15 319
15 315
15 317
15 320
15 321
15 315
15 319
15 315
15 311
15 311
15 310
15 305
15 309
15 310
15 312
15 313
15 309
15 310
15 309
15 310
15 307
15 307
15 305
15 310
15 312
15 310
15 310
15 307
15 305
15 304
15 303
15 297
15 294
15 289
15 292
15 298
15 295
15 300
15 299
15 303
15 298
15 292
15 292
15 293
15 290
15 298
15 294
15 303
15 302
15 300
15 299
15 302
15 303
15 306
15 304
15 307
15 304
15 307
15 304
15 306
15 307
15 305
15 308
15 308
15 308
15 303
15 301
15 297
15 299
15 300
15 303
15 300
15 304
15 303
15 301
15 299
15 300
15 308
15 307
15 308
15 314
15 316
15 313
15 312
15 312
15 311
15 306
15 308
15 305
15 302
15 302
15 302
15 305
15 301
15 300
15 301
15 298
15 296
15 297
15 297
15 293
15 298
15 296
15 293
15 291
15 293
15 291
15 290
15 293
15 298
15 300
15 300
15 300
15 303
15 303
15 304
15 304
15 302
15 302
15 300
16 296
16 293
16 293
16 294
16 295
16 296
16 296
16 295
16 304
16 302
16 304
16 303
16 301
16 297
16 297
16 291
16 290
16 291
16 287
16 288
16 283
16 287
16 290
16 288
16 284
16 285
16 290
16 298
16 302
16 298
16 295
16 301
16 303
16 304
16 306
16 306
16 304
16 310
16 310
16 312
16 311
16 312
16 314
16 312
16 313
16 314
16 321
16 325
16 332
16 334
16 329
16 326
16 322
16 328
16 322
16 319
16 319
16 321
16 325
16 318
16 320
16 321
16 330
16 339
16 339
16 342
16 338
16 339
16 339
16 338
16 341
16 340
16 341
16 344
16 343
16 345
16 344
16 344
16 343
16 344
16 345
16 339
16 337
16 336
16 337
16 337
16 339
16 335
16 334
16 330
16 329
16 339
16 340
16 340
16 342
16 342
16 351
16 358
16 362
16 362
16 363
16 362
16 361
16 355
16 357
16 363
16 366
16 367
16 364
16 366
16 370
16 373
16 375
16 373
16 369
16 366
16 366
16 366
16 367
16 370
16 367
16 367
16 366
16 363
16 361
16 366
16 363
16 364
16 361
16 366
16 369
16 369
16 369
16 371
16 373
16 375
16 381
16 383
16 379
16 376
16 373
16 373
16 377
16 378
17 377
17 379
17 374
17 373
17 370
17 375
17 374
17 370
17 375
17 371
17 365
17 362
17 366
17 366
17 364
17 367
17 371
17 367
17 364
17 373
17 372
17 372
17 372
17 373
17 370
17 373
17 374
17 379
17 374
17 372
17 373
17 371
17 374
17 372
17 366
17 362
18 357
18 354
18 351
18 352
18 351
18 351
18 350
18 352
18 348
18 347
18 349
18 351
18 350
18 348
18 347
18 344
18 346
18 352
18 348
18 349
18 351
18 349
18 355
18 356
18 354
18 361
18 358
18 356
18 355
18 354
18 351
18 347
18 348
18 344
18 346
18 337
18 332
18 336
18 332
18 329
18 328
18 327
18 323
18 321
18 325
18 328
18 327
18 320
18 313
18 309
18 307
18 300
18 298
18 299
18 292
18 292
18 295
18 296
18 300
18 300
18 300
18 298
18 301
18 299
18 296
18 300
18 311
18 319
18 326
18 324
18 320
19 317
19 319
19 317
19 318
19 317
19 327
19 324
19 329
19 329
19 332
19 330
19 332
19 327
19 324
19 322
19 320
19 321
19 323
19 321
19 317
19 319
19 331
19 333
19 334
19 331
19 332
19 340
19 342
19 346
19 348
19 351
19 349
19 346
19 344
19 343
19 342
19 348
19 348
19 343
19 342
19 342
19 344
19 346
19 344
19 342
19 349
19 349
19 349
19 351
19 355
19 355
19 353
19 353
19 351
19 350
19 349
19 350
19 345
19 343
19 344
19 343
19 351
19 360
19 368
19 370
19 371
19 373
19 373
19 370
19 367
19 362
19 360
19 354
19 349
19 345
19 341
19 340
19 344
19 341
19 347
19 356
19 354
19 347
19 347
19 346
19 348
19 356
19 365
19 363
19 360
19 359
19 359
19 354
19 354
19 351
19 346
19 343
19 341
19 342
19 343
19 344
19 343
19 340
19 344
19 343
20 340
20 346
20 346
20 346
20 346
20 345
20 340
20 334
20 330
20 329
20 325
20 327
20 324
20 329
20 325
20 324
20 329
20 332
20 332
20 338
20 337
20 336
20 341
20 343
20 340
20 337
20 338
20 333
20 330
20 334
20 334
21 331
21 327
21 323
21 325
21 324
21 321
21 327
21 328
21 329
21 331
21 331
21 330
21 327
21 327
21 331
21 336
21 341
21 349
21 350
21 349
21 350
21 352
21 345
21 347
21 339
21 338
21 337
21 335
21 332
21 331
21 333
21 327
21 326
21 325
21 329
21 324
21 323
21 322
21 320
21 319
21 321
21 322
21 317
21 320
21 320
21 315
21 309
21 308
21 312
21 308
21 307
21 304
21 301
21 302
21 303
21 302
21 299
21 303
21 314
21 310
21 308
21 302
21 300
21 306
21 307
21 315
21 313
21 317
21 317
21 317
21 316
21 318
21 321
21 323
21 328
21 326
21 329
21 332
21 336
21 339
21 338
21 335
21 331
21 331
21 330
21 334
21 336
21 336
21 336
21 333
21 339
21 341
21 341
21 341
21 343
21 341
21 337
21 337
21 335
21 338
21 335
21 336
21 336
21 334
21 334
21 338
21 337
21 338
21 339
21 335
21 332
21 326
21 321
21 320
21 318
21 316
21 315
21 316
21 316
21 320
21 318
21 314
21 314
21 315
21 318
21 323
21 323
21 327
21 326
21 326
21 323
21 321
21 325
22 328
22 327
22 331
22 327
22 327
22 323
22 321
22 321
22 324
22 327
22 332
22 332
22 337
22 334
22 340
22 342
22 342
22 343
22 341
22 341
22 340
22 337
22 336
22 333
22 332
22 328
22 330
22 328
22 332
22 332
22 332
22 336
22 340
22 339
22 336
22 343
22 342
22 343
22 341
22 339
22 338
22 332
22 331
22 335
22 331
22 329
22 327
22 331
22 328
22 330
22 327
22 321
22 320
22 323
22 321
22 321
22 327
22 324
22 331
22 324
22 320
22 322
22 323
22 318
22 315
22 315
22 312
22 312
22 313
22 311
22 307
22 312
22 310
22 319
22 319
22 315
22 311
22 309
22 312
22 310
22 310
22 309
22 313
22 313
22 312
22 315
22 317
22 323
22 328
22 336
22 337
22 345
22 352
22 349
22 350
22 346
22 346
22 343
22 336
22 336
22 339
22 340
22 340
22 340
22 348
22 350
22 352
22 353
22 353
22 350
22 351
22 348
22 351
22 350
22 349
22 349
22 344
22 339
22 342
22 338
22 342
22 344
22 346
22 342
22 339
22 338
22 337
22 335
22 335
22 340
22 340
22 339
22 333
22 332
22 335
23 334
23 337
23 334
23 334
23 329
24 332
24 331
24 330
24 324
24 332
24 338
24 339
24 333
24 333
24 335
24 342
24 339
24 342
24 347
24 350
24 352
24 354
24 353
24 353
24 356
24 356
24 356
24 350
24 344
24 340
24 337
24 334
24 336
24 336
24 335
24 336
24 340
24 339
24 338
24 334
24 337
24 333
24 333
24 335
24 332
23 331
23 328
23 331
23 330
23 333
23 327
23 328
23 330
23 341
23 345
23 338
23 335
23 337
23 332
23 336
23 337
23 333
23 339
23 339
23 338
23 338
23 336
23 334
23 331
23 332
23 327
23 328
23 330
23 332
23 331
23 327
23 323
23 323
23 317
22 319
22 328
22 326
22 328
22 326
22 325
22 321
22 318
22 319
22 315
22 312
22 311
22 319
22 322
22 322
23 322
23 320
23 326
23 323
23 318
23 317
23 313
23 307
23 305
23 304
23 305
23 314
23 316
23 311
23 308
23 306
23 309
23 306
23 300
23 299
23 299
23 299
23 299
23 295
23 292
23 292
23 294
23 297
23 298
23 300
23 307
23 303
23 300
23 297
23 295
23 294
23 292
23 288
23 286
23 286
23 285
23 285
23 286
23 287
23 283
23 279
23 275
23 280
23 277
23 277
23 279
23 282
23 284
23 284
23 290
23 292
23 290
23 293
23 295
23 297
23 297
23 294
23 292
23 294
23 294
23 296
23 294
23 294
23 296
23 294
23 287
23 289
23 288
23 298
23 300
23 305
23 304
23 307
23 307
23 307
23 312
23 315
23 313
23 314
23 315
23 314
23 320
23 324
23 331
23 327
23 331
23 333
23 327
23 321
24 322
24 318
24 311
24 311
24 309
24 304
24 305
24 308
24 306
24 307
24 304
24 309
24 308
24 306
24 307
24 304
24 300
24 302
24 306
24 307
24 313
24 316
24 316
24 316
24 325
24 328
24 325
24 321
24 317
24 313
24 314
24 312
24 307
24 303
24 303
24 305
24 302
24 302
24 300
24 297
24 302
24 299
24 295
24 296
24 296
24 296
24 295
24 302
24 300
24 301
24 310
24 310
24 312
24 311
24 311
24 312
24 306
24 310
24 306
24 306
24 304
24 304
24 299
24 293
24 290
24 291
24 290
23 287
23 289
23 285
23 283
23 283
23 284
23 295
23 294
23 294
23 292
23 293
23 292
23 295
23 290
23 286
23 284
23 284
23 282
23 284
23 290
23 287
23 287
23 283
23 284
23 279
23 273
23 268
23 268
23 268
23 264
23 261
23 259
23 263
23 258
23 261
23 266
23 261
23 259
23 256
23 256
22 256
22 257
22 265
22 263
22 262
22 264
22 266
22 269
22 268
22 270
23 267
23 267
23 265
23 266
23 264
23 263
23 260
23 260
23 258
23 259
23 258
23 258
23 255
23 258
23 261
23 260
23 258
23 260
23 264
23 266
23 266
23 269
23 271
23 277
23 276
23 279
23 285
23 290
23 292
23 291
23 291
23 289
23 289
23 290
23 291
23 291
23 291
23 292
23 291
22 288
22 292
22 288
22 284
22 282
22 284
22 285
22 283
22 291
22 294
22 296
22 297
22 299
22 294
22 296
22 303
22 300
22 297
22 296
22 299
22 299
22 302
22 302
22 305
22 300
22 294
22 288
22 285
22 287
22 282
22 276
22 274
22 271
22 272
22 275
22 278
22 274
22 269
22 267
22 263
22 259
22 261
22 264
22 268
22 277
22 272
22 274
22 282
22 285
22 283
22 285
22 282
22 281
22 279
22 279
22 278
22 280
22 276
22 274
22 280
22 279
22 280
22 281
22 282
22 287
22 282
22 286
22 293
22 291
22 289
22 290
22 290
22 287
22 285
23 285
23 283
23 288
23 288
23 285
23 292
23 293
23 291
23 289
23 295
23 292
23 292
23 292
23 291
23 284
23 281
23 281
23 275
23 277
23 275
23 273
23 269
23 265
23 263
23 260
23 258
23 255
23 257
23 260
23 258
23 257
23 258
23 257
23 264
23 262
23 268
23 270
23 272
23 273
23 276
23 273
23 271
23 268
23 266
23 271
23 274
23 269
23 268
23 266
23 265
23 268
23 270
23 266
23 269
23 265
23 265
23 267
23 267
23 273
23 272
23 272
23 274
23 279
23 281
23 287
23 290
23 289
23 289
23 294
23 295
23 298
23 295
23 300
23 305
23 312
23 310
23 313
23 315
23 314
23 319
23 317
23 317
24 316
24 316
24 314
24 312
24 318
24 324
24 322
24 318
24 315
24 322
24 319
24 317
24 315
24 317
24 318
24 314
24 319
24 322
24 324
24 325
24 320
24 316
24 318
24 318
24 324
24 320
24 317
24 313
24 311
24 308
24 307
24 301
24 303
24 306
24 306
24 303
24 302
24 302
24 309
24 312
24 312
24 314
24 319
24 324
24 320
24 320
24 322
24 325
24 326
24 330
24 330
24 335
24 332
24 332
24 328
23 330
23 328
23 329
23 332
23 334
23 335
23 339
23 338
23 337
23 337
23 333
23 342
23 336
23 330
23 327
23 322
23 323
23 337
23 331
23 327
23 326
23 323
23 320
23 321
23 318
23 315
23 315
23 313
23 313
23 312
23 316
23 311
23 309
23 310
23 306
23 309
23 309
23 309
23 304
23 303
23 306
23 306
23 302
23 302
23 305
23 306
23 305
23 303
23 306
23 312
23 313
23 314
23 309
24 308
24 305
24 302
24 298
24 298
24 298
24 299
24 301
24 296
24 302
24 303
24 303
24 300
24 296
24 293
24 291
24 296
24 294
24 292
24 292
24 291
24 287
24 285
24 286
24 282
24 281
24 279
24 288
24 283
24 286
24 281
24 281
24 278
24 281
24 280
24 285
24 291
24 288
24 289
24 287
24 282
24 275
24 272
24 269
24 282
24 282
24 284
24 279
24 278
24 278
24 282
24 284
24 281
24 278
24 274
24 270
24 274
24 276
24 273
24 271
24 270
24 269
24 264
24 262
24 259
24 264
24 259
24 255
24 253
24 250
24 249
24 250
24 248
24 246
24 246
24 253
24 258
24 257
24 258
24 257
24 257
24 256
24 255
24 256
24 255
24 255
24 256
24 259
24 257
24 257
25 261
25 261
25 266
25 269
25 272
25 270
25 269
25 269
25 267
25 268
25 270
25 269
25 265
25 265
25 265
25 269
25 269
25 268
25 273
25 281
25 279
25 280
25 285
25 281
25 281
25 286
25 283
25 279
25 279
25 284
25 286
25 285
25 283
25 279
25 283
25 287
25 288
25 287
25 288
25 291
25 291
25 297
25 297
25 290
25 285
26 282
26 278
26 278
26 296
26 292
26 292
26 288
26 289
26 286
26 283
26 283
26 284
26 285
26 279
26 275
26 276
26 275
26 278
26 277
26 274
26 272
26 279
26 280
26 278
26 284
26 286
26 290
26 289
26 288
26 291
26 290
26 288
26 288
26 287
26 287
26 288
26 289
26 284
26 281
27 279
27 282
27 284
27 286
27 285
27 283
27 285
27 292
27 287
27 290
27 290
27 289
27 287
27 286
27 285
27 281
27 277
27 281
27 283
27 287
27 290
27 289
27 289
27 284
27 278
27 275
27 276
27 281
27 284
27 282
27 283
27 278
27 277
27 274
27 270
27 269
27 274
27 273
27 268
27 260
27 256
27 249
28 247
28 248
28 246
28 241
28 238
28 241
28 236
28 230
28 232
28 228
28 230
28 230
28 231
28 228
28 222
29 229
29 228
29 233
29 225
29 222
29 220
29 221
29 223
29 224
29 221
29 220
29 218
29 216
29 214
29 211
29 208
29 209
29 212
29 212
29 213
29 216
29 212
29 215
29 212
29 211
29 208
29 209
29 207
29 207
29 205
29 203
29 203
29 202
29 202
29 206
29 206
29 204
29 202
29 205
29 207
29 204
28 209
28 219
28 222
28 219
28 215
28 213
28 218
28 215
28 214
28 213
28 212
28 210
28 212
28 210
28 209
28 214
28 215
28 212
28 210
28 210
28 208
28 207
28 210
28 211
28 212
28 212
28 210
28 213
28 209
28 209
28 209
28 212
28 212
28 212
28 206
28 208
28 213
28 215
28 209
28 209
28 209
28 205
28 205
28 202
28 198
28 193
28 191
28 190
28 190
28 189
28 186
28 191
28 194
28 192
28 189
28 186
28 190
28 189
28 194
28 192
28 193
28 194
28 192
28 189
28 189
28 186
28 184
28 182
27 179
27 178
27 174
27 174
27 174
27 172
27 168
27 172
27 169
27 167
27 168
27 167
27 168
27 171
27 174
27 176
27 175
27 173
27 172
27 176
27 180
27 180
27 181
27 177
27 180
27 178
27 183
27 182
27 186
27 188
27 188
27 188
27 187
27 191
27 193
27 193
27 193
27 194
27 192
27 191
27 191
27 189
27 187
27 190
27 190
27 188
27 188
27 190
27 195
27 197
27 196
27 193
27 196
27 207
27 210
27 214
27 213
27 212
27 212
27 209
27 215
27 214
27 210
27 210
27 215
27 213
27 213
27 209
27 210
27 215
27 218
27 214
27 210
27 208
27 208
27 208
27 208
27 207
27 207
27 212
27 220
27 224
27 226
27 227
27 225
27 219
27 215
27 211
27 207
27 206
27 206
27 205
27 203
27 199
27 195
27 193
27 191
27 188
27 187
27 187
27 189
27 186
27 181
27 178
27 176
27 177
27 176
27 179
27 184
27 186
27 184
27 184
27 183
27 185
27 185
27 185
27 195
27 192
27 193
27 190
27 190
27 191
27 192
27 196
27 200
27 196
26 193
26 194
26 192
26 189
26 190
26 187
26 187
26 187
26 187
26 189
26 189
26 187
26 185
26 183
26 181
25 183
25 186
25 189
25 194
25 195
25 192
25 191
25 188
25 186
25 185
25 189
25 187
25 193
25 191
25 192
25 188
25 184
25 183
25 185
25 184
25 184
25 178
25 176
25 176
25 172
26 171
26 170
26 171
26 169
25 171
25 172
25 167
25 165
25 163
25 162
25 161
25 157
25 158
25 162
25 160
25 159
25 161
25 159
25 159
25 163
25 161
25 161
25 159
25 156
25 156
25 155
25 153
25 151
25 150
25 152
25 148
25 145
25 144
25 142
25 144
25 142
25 142
25 143
25 140
25 140
25 146
25 150
25 154
25 156
25 162
25 160
25 162
25 162
25 161
25 162
25 165
25 167
25 168
25 174
25 180
25 179
25 180
25 182
25 180
25 182
25 185
25 188
25 187
25 184
25 184
25 187
25 185
25 193
25 192
25 189
25 193
25 191
25 190
25 190
25 189
25 193
25 194
25 197
25 197
25 198
25 194
25 190
25 188
25 184
25 186
25 188
25 189
25 189
25 193
25 192
25 192
25 186
25 188
25 186
25 184
25 187
25 187
25 186
25 182
25 178
25 175
25 174
25 172
25 167
25 161
25 165
25 163
25 167
25 166
25 168
25 168
25 167
25 164
25 163
25 168
25 170
25 167
25 165
25 164
25 164
25 161
25 163
25 162
25 161
25 161
25 157
25 153
25 150
25 157
25 155
25 151
25 151
25 149
25 148
25 151
25 156
25 152
25 150
25 149
25 150
25 149
25 149
25 147
25 154
25 151
25 146
25 142
25 142
25 145
25 143
25 143
25 141
25 137
25 140
25 144
25 145
25 143
25 139
25 139
25 138
25 138
25 143
25 143
25 150
25 147
25 147
25 146
25 145
25 143
25 141
25 139
25 146
25 148
25 144
25 148
25 156
25 158
25 162
25 158
25 168
25 167
25 166
25 167
25 166
25 162
25 166
25 163
25 163
25 162
25 162
25 164
25 162
25 164
25 163
25 162
25 161
25 159
25 166
25 164
25 163
25 165
25 172
25 171
25 170
25 173
25 172
25 172
25 172
25 174
25 172
25 169
25 165
25 165
25 162
25 159
25 158
25 155
25 154
25 156
25 150
25 146
25 142
25 140
25 137
25 137
25 137
25 134
25 133
25 129
25 128
25 130
25 129
25 128
25 126
25 125
25 122
25 121
25 121
25 119
25 119
25 118
25 119
25 119
25 115
25 111
25 111
25 111
25 110
25 111
25 113
25 112
25 124
25 122
25 120
25 123
25 123
25 122
25 119
25 120
25 124
25 125
25 123
25 131
25 135
25 141
25 140
25 139
25 137
25 138
25 141
25 139
25 139
25 141
25 140
25 136
25 134
25 133
25 130
25 127
25 126
25 128
25 129
25 128
25 128
25 126
25 128
25 134
25 134
25 134
25 134
25 133
25 133
25 132
25 132
25 131
25 132
25 135
25 133
25 138
25 140
25 137
25 135
25 134
25 137
25 137
25 134
25 135
25 136
25 142
25 140
25 140
25 138
25 137
25 139
25 142
25 142
25 140
25 144
25 143
25 142
25 143
25 146
25 145
25 143
25 145
25 141
25 143
25 139
25 138
26 137
26 139
26 136
26 132
26 125
26 116
26 114
26 112
26 110
26 114
26 115
26 119
26 120
26 126
26 128
26 127
26 125
26 126
25 123
25 126
25 125
25 123
25 124
25 123
25 126
25 126
25 124
25 122
25 120
25 118
25 120
25 115
25 115
25 114
25 113
25 112
25 116
25 117
25 117
25 114
25 114
25 112
25 118
25 121
25 124
25 127
25 129
25 135
25 139
25 141
25 143
25 143
25 142
25 143
25 142
25 140
25 140
25 140
25 145
25 144
25 143
25 143
25 141
25 142
25 139
25 137
25 137
25 135
25 135
25 136
25 134
25 130
25 127
25 129
25 127
25 133
25 133
25 131
25 129
25 132
25 132
25 132
25 129
25 130
25 129
25 129
25 130
25 128
25 126
25 122
25 118
25 116
25 114
25 111
25 109
25 109
25 109
25 108
25 108
25 106
25 106
25 105
25 110
25 109
25 110
25 109
25 109
25 109
25 109
25 111
25 110
25 108
25 115
25 114
25 112
25 108
25 108
25 105
25 103
25 103
25 106
25 105
25 102
25 100
25 100
25 102
25 99
25 99
25 99
25 96
25 95
25 98
25 102
25 100
25 102
25 102
25 101
25 100
25 100
25 99
25 98
25 102
25 104
25 104
25 104
25 109
25 110
25 109
25 111
25 114
25 113
25 112
25 114
25 117
25 116
25 114
25 113
25 115
25 115
25 114
25 113
25 114
25 114
25 112
25 115
25 113
25 112
25 112
25 113
25 114
25 119
25 119
25 123
25 129
25 134
25 133
25 137
25 137
25 138
25 140
25 138
25 137
25 134
25 132
25 131
25 130
25 136
25 133
25 134
25 130
25 128
25 127
25 126
25 127
25 129
25 127
25 126
25 125
25 127
25 125
25 123
25 121
25 121
25 120
25 120
25 121
25 124
25 120
25 118
25 116
25 116
25 116
25 112
25 110
25 118
25 118
25 117
25 122
25 120
25 118
25 115
24 118
24 116
24 121
24 120
24 119
24 117
24 118
24 116
24 114
24 111
24 107
24 105
24 108
24 107
24 111
24 109
24 113
24 114
24 118
24 120
24 118
24 118
24 127
24 132
24 133
24 130
24 129
24 128
24 128
24 128
24 130
24 133
24 135
24 131
24 128
24 127
24 125
24 128
24 125
24 123
24 121
24 119
24 122
24 120
24 121
24 118
24 118
24 117
24 118
24 119
24 117
24 117
24 121
24 125
24 125
24 125
24 125
23 129
23 128
23 133
23 134
23 132
23 133
23 131
23 132
23 131
23 131
23 129
23 127
23 127
23 124
23 123
23 123
23 121
23 118
23 119
23 120
23 123
23 119
23 117
22 116
21 113
21 111
21 109
21 105
21 103
21 101
21 99
21 100
21 99
21 99
21 98
21 102
21 103
21 103
21 102
21 102
21 104
21 104
21 103
21 101
21 107
21 106
21 105
21 106
21 108
21 105
21 106
21 107
21 105
21 107
21 111
21 110
21 110
21 109
21 108
21 110
21 113
21 112
21 114
21 114
21 114
21 118
21 118
21 118
21 121
21 120
21 120
21 119
21 119
21 118
21 116
21 114
21 117
20 114
20 112
20 110
20 108
20 107
20 110
20 108
20 109
20 109
20 111
20 112
20 110
20 108
20 107
20 106
20 111
20 119
20 122
20 122
20 125
20 123
20 125
20 125
20 125
20 125
20 124
20 127
20 130
20 130
20 128
20 128
20 126
20 126
20 126
20 125
20 123
20 121
20 122
20 124
20 123
20 126
20 125
20 125
20 124
20 122
20 122
20 122
20 121
20 120
20 120
20 119
20 118
20 117
20 113
20 112
20 111
20 110
20 110
20 110
20 114
20 113
20 112
20 112
20 111
20 111
20 111
20 115
20 119
20 121
20 126
20 130
20 129
20 127
20 127
20 124
20 122
20 121
20 128
20 128
20 128
20 129
20 128
20 129
20 128
20 126
20 125
20 126
20 124
20 123
20 125
20 125
20 123
20 121
20 120
20 117
20 121
20 118
20 118
20 117
20 118
20 117
20 117
20 113
20 115
20 112
20 114
20 113
20 116
20 116
20 120
20 120
20 127
20 134
20 136
20 136
20 136
20 136
20 139
20 137
20 136
20 136
20 137
20 141
20 139
20 138
20 138
20 141
20 147
20 148
20 147
20 146
20 146
20 147
20 144
20 143
19 143
19 141
19 140
19 140
19 140
19 144
19 147
19 146
19 144
19 148
19 149
19 147
19 143
19 142
19 143
19 142
19 142
19 148
19 148
19 147
19 144
19 150
19 149
19 151
19 150
19 151
19 150
19 148
19 148
19 150
18 149
18 148
18 146
18 146
18 150
18 148
18 152
18 154
18 153
18 152
18 150
18 148
18 147
18 148
18 147
18 146
18 144
18 146
18 143
18 144
17 146
17 147
17 145
17 146
17 148
17 147
17 145
17 152
17 150
17 152
17 154
17 151
17 149
17 153
17 154
17 156
17 157
17 156
17 154
17 154
17 151
17 148
17 156
17 159
17 159
17 157
17 154
17 153
17 157
17 155
17 157
17 160
17 158
17 158
17 162
17 161
17 161
17 158
17 160
17 159
17 159
17 158
17 155
17 154
17 154
17 161
16 163
16 165
16 164
16 165
16 163
16 160
16 158
16 157
16 160
16 159
14 165
14 169
14 167
14 165
14 163
14 164
14 166
14 171
14 168
14 168
14 166
14 163
14 161
14 160
14 158
14 158
14 160
14 160
14 159
14 158
14 159
14 159
14 159
14 159
14 157
14 153
14 153
14 151
14 149
14 156
14 156
14 158
14 156
14 159
13 157
13 155
13 154
13 153
13 152
13 153
13 151
13 151
13 151
13 155
13 153
13 150
13 148
13 153
13 152
13 153
13 156
13 156
13 155
13 156
13 156
13 155
13 165
13 162
13 164
13 165
13 164
13 166
13 165
13 173
13 173
13 175
13 183
13 184
13 196
13 196
13 196
13 194
13 195
13 196
13 198
13 195
13 196
13 193
13 189
13 187
13 192
13 190
13 188
13 185
13 189
13 188
13 186
13 189
13 188
13 189
13 188
13 190
13 185
13 187
13 187
13 186
13 187
13 186
13 187
13 189
13 188
13 186
13 186
13 187
13 185
13 184
13 187
13 189
13 189
13 188
13 186
13 188
13 186
13 183
13 179
13 173
13 170
13 165
13 163
13 161
13 162
13 159
13 159
13 160
13 159
13 157
13 159
13 158
13 156
13 155
13 157
13 154
13 156
13 155
13 161
13 161
13 160
13 159
13 158
13 165
13 168
13 174
13 177
13 177
13 181
13 181
13 182
13 181
13 180
13 181
13 185
13 183
13 181
13 181
13 180
13 179
13 180
13 183
13 186
13 184
13 186
13 184
13 178
13 176
13 176
13 173
13 174
13 169
13 170
13 167
13 164
13 163
13 160
13 163
13 163
13 166
13 165
13 167
13 173
13 171
13 170
13 168
13 172
13 169
13 167
13 169
13 168
13 172
13 173
13 177
13 179
13 179
13 182
13 185
13 185
13 184
13 184
13 193
13 195
13 201
13 208
13 205
13 202
13 200
13 205
13 210
13 204
13 202
13 198
13 196
13 196
13 197
13 196
13 201
13 200
13 199
13 196
13 192
13 192
13 190
13 192
13 191
13 189
13 192
13 193
13 195
13 195
13 197
13 196
13 192
13 192
13 190
13 188
13 188
13 190
13 196
13 198
13 200
13 197
13 195
13 195
13 197
13 204
13 203
13 203
13 202
13 200
13 204
13 209
13 207
13 205
13 205
13 202
13 203
13 201
13 203
13 202
13 205
13 206
13 207
13 204
13 200
13 195
13 192
13 190
13 196
13 192
13 191
13 187
13 188
13 185
13 191
13 193
13 193
13 195
13 193
13 192
13 193
13 191
13 190
13 188
13 188
13 186
13 189
13 193
13 192
13 193
13 194
13 193
13 194
13 195
13 196
13 200
13 203
13 207
13 209
13 210
13 210
13 214
13 213
13 213
13 212
13 213
13 215
13 211
13 211
13 211
13 212
13 211
13 218
13 216
13 214
13 214
13 214
13 210
13 207
13 204
13 201
13 198
13 203
13 201
13 198
13 195
13 192
13 197
13 195
13 192
13 188
13 188
13 186
13 187
13 191
13 189
13 195
13 201
13 204
13 205
13 207
13 211
13 215
13 213
13 212
13 218
13 220
13 219
13 221
13 228
13 228
13 227
13 225
13 223
13 221
13 222
13 220
13 219
13 217
13 214
13 215
13 213
13 210
13 214
13 215
13 212
13 206
13 204
13 204
13 203
13 200
13 198
13 197
13 193
13 196
13 196
13 196
13 194
12 201
12 207
12 206
12 205
12 200
12 198
12 198
12 196
12 195
12 196
12 196
12 201
12 198
12 201
12 207
12 205
12 203
12 208
12 206
12 205
12 203
12 206
12 212
12 209
12 210
12 213
12 213
12 213
12 211
12 208
12 206
12 205
12 208
12 212
12 209
12 211
12 210
12 209
12 211
12 213
12 214
12 214
12 209
12 207
12 209
12 211
12 208
12 208
12 208
12 208
12 207
12 208
12 207
12 215
12 215
12 215
12 217
12 217
12 218
12 219
12 219
12 223
12 222
12 221
12 221
12 224
12 229
12 228
12 228
12 231
12 236
12 236
12 236
12 241
12 244
12 244
12 247
12 247
12 245
12 251
12 249
12 250
12 250
12 250
12 245
12 240
12 236
12 232
12 232
12 228
12 226
12 231
12 231
12 237
12 236
12 238
12 237
12 238
12 239
12 239
12 243
12 241
12 248
12 251
12 250
12 249
12 249
12 251
12 252
12 250
12 249
12 248
12 248
12 247
12 248
12 249
12 246
12 245
12 248
12 254
12 255
12 260
12 264
12 271
12 271
12 272
12 270
12 269
12 268
12 265
12 269
12 266
12 265
12 262
12 261
12 262
12 265
12 262
12 261
12 258
12 258
12 259
12 258
12 258
12 257
12 255
12 253
12 255
12 254
12 258
12 259
12 256
12 257
12 256
12 257
12 260
12 265
12 265
12 270
12 270
11 270
11 277
11 275
11 274
11 275
11 276
11 282
11 283
11 283
11 284
11 280
11 281
11 280
11 284
11 282
11 286
11 287
11 286
11 285
11 284
11 287
11 291
11 286
11 292
11 295
11 292
11 290
11 292
11 290
11 289
11 293
11 295
11 299
11 305
11 307
11 315
11 317
11 318
11 317
11 317
11 320
11 330
11 330
11 330
11 333
11 335
11 331
11 329
11 334
11 344
11 341
11 339
11 336
11 333
11 336
11 336
11 334
11 331
11 332
11 329
11 327
11 331
11 327
11 330
11 327
11 330
11 330
11 326
11 327
11 329
11 332
11 334
11 332
11 330
11 328
12 328
12 328
12 325
12 328
12 333
12 329
12 331
12 340
12 337
12 336
12 334
12 339
12 338
12 338
12 338
12 337
12 343
12 342
12 345
12 347
12 348
12 352
12 350
12 349
12 348
12 352
12 348
12 350
12 353
12 353
12 354
12 354
12 352
12 355
12 355
12 349
12 353
12 353
12 354
12 353
12 351
12 347
12 345
12 343
12 339
12 336
12 336
12 333
12 334
12 335
12 336
12 331
12 327
12 326
12 322
12 318
12 315
12 313
12 312
12 316
12 316
12 316
12 325
12 330
12 332
12 332
12 332
12 333
12 336
12 334
12 332
12 340
12 339
12 338
12 337
12 338
12 342
12 346
13 347
13 345
13 348
13 351
13 353
13 351
13 349
13 350
13 348
13 352
13 348
13 349
13 350
13 347
13 352
14 347
14 352
14 349
14 348
14 355
14 356
14 358
14 356
14 348
14 343
14 341
14 349
14 354
14 362
14 368
14 366
14 366
14 362
14 370
14 372
14 381
14 383
14 382
14 381
14 392
14 394
14 399
14 399
14 399
14 398
14 395
14 396
14 393
14 390
14 392
14 392
14 390
14 389
14 386
14 386
14 385
14 390
14 386
14 383
14 384
14 384
14 381
14 381
14 378
14 379
14 377
14 378
14 373
14 373
14 373
14 372
14 364
14 360
14 355
14 359
14 361
14 357
14 361
14 363
14 359
14 353
14 354
14 351
14 354
14 355
14 354
14 351
14 353
14 353
14 349
14 352
14 353
14 349
14 348
14 352
14 349
14 348
14 348
14 345
14 340
14 339
14 336
14 342
14 338
14 337
14 335
14 336
14 335
14 337
14 339
14 334
14 333
14 335
14 332
14 337
14 339
14 347
14 345
14 347
14 344
14 345
14 343
14 343
14 347
14 347
14 346
14 351
14 351
14 349
14 357
14 358
14 364
14 368
14 369
14 372
14 374
14 372
14 376
14 380
14 379
14 384
14 382
14 381
14 380
14 378
14 378
14 380
14 386
14 386
14 387
14 390
14 388
14 389
14 388
14 386
14 383
14 387
14 387
14 385
14 387
14 387
14 387
14 385
14 382
14 383
14 380
14 379
14 377
14 377
14 380
14 378
14 372
14 377
14 383
14 379
14 374
14 371
14 371
14 367
14 362
14 359
14 360
14 363
14 369
14 366
14 369
14 368
14 368
14 372
14 376
14 378
14 375
14 372
14 369
14 364
14 365
14 371
14 376
14 374
14 374
14 376
14 374
15 375
15 380
15 384
15 384
15 385
15 382
15 383
15 385
15 384
15 382
15 377
15 386
15 388
15 385
15 387
15 398
15 395
15 397
15 405
15 418
15 424
15 429
15 427
16 425
16 429
16 435
16 434
16 433
16 431
16 433
16 436
16 432
16 442
16 448
16 445
16 442
16 437
16 437
16 443
16 448
16 445
16 448
16 455
16 451
16 448
16 453
16 448
16 445
15 449
15 445
15 445
15 445
15 438
15 436
15 432
15 425
15 423
15 419
15 418
15 413
15 409
15 406
15 400
15 401
15 394
15 397
15 399
15 395
15 393
16 396
16 396
16 394
16 391
16 389
16 390
16 389
16 384
16 380
16 381
16 380
16 383
16 377
16 373
16 371
16 378
16 379
16 375
16 370
16 374
16 370
16 367
16 373
16 374
16 371
16 364
16 360
16 362
16 362
16 363
17 361
17 358
17 364
17 364
17 361
17 358
17 354
17 355
17 357
